     0.9661,   0.4126,    6.92,   8.8310,   2.5820,  5.9980E-05,    1.00798
     2.0270,   0.2931,   26.34,   6.6600,   0.3409,  1.7870E-04,    4.00260
     1.4200,   0.4900,   12.25,  32.0000,   9.1610,  0.5295    ,    6.93900
     2.2060,   0.5100,   15.32,   0.2500,   8.9950,   1.803    ,    9.01218
     3.6910,   0.4128,   18.48,  50.7200,   9.0000,   2.351    ,   10.81100
     4.2320,   0.3877,   22.99,  35.0000,   7.9930,   2.267    ,   12.01115
     2.5100,   0.4752,   38.26,  13.0200,   1.8920,  1.2500E-03,   14.00670
     1.7660,   0.5261,   37.11,  15.2400,   2.8040,  1.4280E-03,   15.99940
     1.5330,   0.5310,   40.44,  18.4100,   2.7180,  8.4800E-04,   18.99840
     1.1830,   0.5500,   39.83,  17.4900,   4.0010,  9.0090E-04,   20.18300
     9.8940,   0.3081,   23.65,   0.3840,  92.9300,  0.9702    ,   22.98980
     4.3000,   0.4700,   34.30,   3.3000,  12.7400,   1.737    ,   24.31200
     2.5000,   0.6250,   45.70,   0.1000,   4.3590,   2.699    ,   26.98153
     2.1000,   0.6500,   49.34,   1.7880,   4.1330,   2.322    ,   28.08600
     1.7290,   0.6562,   53.41,   2.4050,   3.8450,   1.822    ,   30.97380
     1.4020,   0.6791,   58.98,   3.5280,   3.2110,   2.069    ,   32.06400
     1.1170,   0.7044,   69.69,   3.7050,   2.1560,  3.1650E-03,   35.45300
     0.9172,   0.7240,   79.44,   3.6480,   1.6460,  1.1783E-03,   39.94800
     8.5540,   0.3817,   83.61,  11.8400,   1.8750,  0.8633    ,   39.10200
     6.2970,   0.4622,   65.39,  10.1400,   5.0360,   1.341    ,   40.08000
     5.3070,   0.4918,   61.74,  12.4000,   6.6650,   2.989    ,   44.95592
     4.7100,   0.5087,   65.28,   8.8060,   5.9480,   4.520    ,   47.90000
     6.1510,   0.4524,   83.00,  18.3100,   2.7100,   6.102    ,   50.94140
     6.5700,   0.4322,   84.76,  15.5300,   2.7790,   7.193    ,   51.99600
     5.7380,   0.4492,   84.61,  14.1800,   3.1010,   7.435    ,   54.93800
     5.0130,   0.4707,   85.58,  16.5500,   3.2110,   7.867    ,   55.84700
     4.3200,   0.4947,   76.14,  10.8500,   5.4410,   8.797    ,   58.93320
     4.6520,   0.4571,   80.73,  22.0000,   4.9520,   8.897    ,   58.71000
     3.1140,   0.5236,   76.67,   7.6200,   6.3850,   8.951    ,   63.54600
     3.1140,   0.5236,   76.67,   7.6200,   7.5020,   7.107    ,   65.37000
     3.1140,   0.5236,   76.67,   7.6200,   8.5140,   5.909    ,   69.72000
     5.7460,   0.4662,   79.24,   1.1850,   7.9930,   5.338    ,   72.59000
     2.7920,   0.6346,  106.10,   0.2986,   2.3310,   5.720    ,   74.92160
     4.6670,   0.5095,  124.30,   2.1020,   1.6670,   4.786    ,   78.96000
     2.4400,   0.6346,  105.00,   0.8300,   2.8510,   3.401    ,   79.90900
     1.4910,   0.7118,  120.60,   1.1010,   1.8770,  3.7410E-03,   83.80000
    11.7200,   0.3826,  102.80,   9.2310,   4.3710,   1.529    ,   85.46780
     7.1260,   0.4804,  119.30,   5.7840,   2.4540,   2.600    ,   87.62000
    11.6100,   0.3955,  146.70,   7.0310,   1.4230,   4.491    ,   88.90540
    10.9900,   0.4100,  163.90,   7.1000,   1.0520,   6.471    ,   91.22000
     9.2410,   0.4275,  163.10,   7.9540,   1.1020,   8.604    ,   92.90640
     9.2760,   0.4180,  157.10,   8.0380,   1.2900,   10.21    ,   95.94000
     3.9990,   0.6152,   97.60,   1.2970,   5.7920,   11.50    ,   98.90620
     4.3060,   0.5658,   97.99,   5.5140,   5.7540,   12.18    ,  101.07000
     3.6150,   0.6197,   86.26,   0.3330,   8.6890,   12.40    ,  102.90550
     5.8000,   0.4900,  147.20,   6.9030,   1.2890,   11.96    ,  106.40000
     5.6000,   0.4900,  130.00,  10.0000,   2.8440,   10.47    ,  107.86800
     3.5500,   0.6068,  124.70,   1.1120,   3.1190,   8.582    ,  112.40000
     3.6000,   0.6200,  105.80,   0.1692,   6.0260,   7.315    ,  114.82000
     5.4000,   0.5300,  103.10,   3.9310,   7.7670,   7.283    ,  118.69000
     3.9700,   0.6459,  131.80,   0.2233,   2.7230,   6.618    ,  121.75000
     3.6500,   0.6400,  126.80,   0.6838,   3.4110,   6.225    ,  127.60000
     3.1180,   0.6519,  164.90,   1.2080,   1.5100,   4.939    ,  126.90440
     2.0310,   0.7181,  153.10,   1.3620,   1.9580,  5.8610E-03,  131.30000
    14.4000,   0.3923,  152.50,   8.3540,   2.5970,   1.899    ,  132.90550
    10.9900,   0.4599,  138.40,   4.8110,   3.7260,   3.522    ,  137.34000
    16.6000,   0.3773,  224.10,   6.2800,   0.9121,   6.175    ,  138.90550
    10.5400,   0.4533,  159.30,   4.8320,   2.5290,   6.673    ,  140.12000
    10.3300,   0.4502,  162.00,   5.1320,   2.4440,   6.775    ,  140.90469
    10.1500,   0.4471,  165.60,   5.3780,   2.3280,   7.003    ,  144.24001
     9.9760,   0.4439,  168.00,   5.7210,   2.2580,   7.220    ,  145.00000
     9.8040,   0.4408,  176.20,   5.6750,   1.9970,   7.557    ,  150.35001
    14.2200,   0.3630,  228.40,   7.0240,   1.0160,   5.259    ,  151.96001
     9.9520,   0.4318,  233.50,   5.0650,   0.9244,   7.903    ,  157.25000
     9.2720,   0.4345,  210.00,   4.9110,   1.2580,   8.279    ,  158.92500
    10.1300,   0.4146,  225.70,   5.5250,   1.0550,   8.554    ,  162.50000
     8.9490,   0.4304,  213.30,   5.0710,   1.2210,   8.821    ,  164.93030
    11.9400,   0.3783,  247.20,   6.6550,   0.8490,   9.092    ,  167.25999
     8.4720,   0.4405,  195.50,   4.0510,   1.6040,   9.335    ,  168.93420
     8.3010,   0.4399,  203.70,   3.6670,   1.4590,   6.979    ,  173.03999
     6.5670,   0.4858,  193.00,   2.6500,   1.6600,   9.831    ,  174.97000
     5.9510,   0.5016,  196.10,   2.6620,   1.5890,   13.13    ,  178.49001
     7.4950,   0.4523,  251.40,   3.4330,   0.8619,   16.60    ,  180.94791
     6.3350,   0.4825,  255.10,   2.8340,   0.8228,   19.29    ,  183.85001
     4.3140,   0.5558,  214.80,   2.3540,   1.2630,   21.04    ,  186.20000
     4.0200,   0.5681,  219.90,   2.4020,   1.1910,   22.57    ,  190.20000
     3.8360,   0.5765,  210.20,   2.7420,   1.3050,   22.51    ,  192.22000
     4.6800,   0.5247,  244.70,   2.7490,   0.8962,   21.44    ,  195.09000
     3.2230,   0.5883,  232.70,   2.9540,   1.0500,   19.31    ,  196.96651
     2.8920,   0.6204,  208.60,   2.4150,   1.4160,   13.56    ,  200.59000
     4.7280,   0.5522,  217.00,   3.0910,   1.3860,   11.88    ,  204.37000
     6.1800,   0.5200,  170.00,   4.0000,   3.2240,   11.32    ,  207.19000
     9.0000,   0.4700,  198.00,   3.8000,   2.0320,   9.813    ,  208.98061
     2.3240,   0.6997,  216.00,   1.5990,   1.3990,   9.253    ,  209.00000
     1.9610,   0.7286,  223.00,   1.6210,   1.2960,  5.8900E-03,  210.00000
     1.7500,   0.7427,  350.10,   0.9789,   0.5507,  9.9090E-03,  222.00000
    10.3100,   0.4613,  261.20,   4.7380,   0.9899,   5.000    ,  223.00000
     7.9620,   0.5190,  235.70,   4.3470,   1.3130,   5.023    ,  226.00000
     6.2270,   0.5645,  231.90,   3.9610,   1.3790,   10.07    ,  227.00000
     5.2460,   0.5947,  228.60,   4.0270,   1.4320,   11.66    ,  232.00000
     5.4080,   0.5811,  235.70,   3.9610,   1.3580,   15.40    ,  231.00000
     5.2180,   0.5828,  245.00,   3.8380,   1.2500,   19.05    ,  238.00000
