   10    2.5360E-02    0.0000E+00
   11    2.5360E-02    5.6695E-02
   12    2.5360E-02    1.3677E-03
   13    1.4242E-02    1.9372E-03
   14    1.2048E-02    3.6278E-03
   15    1.0058E-02    5.1733E-03
   16    8.2816E-03    6.3801E-03
   17    6.7291E-03    7.1507E-03
   18    5.3922E-03    8.9848E-03
   19    4.2642E-03    8.7969E-03
   20    3.3279E-03    7.4904E-03
   21    2.5588E-03    6.6555E-03
   22    1.9403E-03    5.7584E-03
   23    1.4510E-03    5.0953E-03
   24    1.0702E-03    3.9337E-03
   25    7.7867E-04    3.8312E-03
   26    5.5874E-04    3.2391E-03
   27    3.9541E-04    2.6541E-03
   28    2.7578E-04    2.2107E-03
   29    1.8982E-04    1.8286E-03
   30    1.2876E-04    1.4960E-03
