   1   13.59811


   2   24.58678


   3      54.75


   4       11.0


   5      188.0       -1.0        4.7        4.7


   6      283.8       -1.0        6.4        6.4


   7      401.6       -1.0        9.2        9.2


   8      532.0       23.7        7.1        7.1


   9      685.4       31.0        8.6        8.6


  10      866.9       45.0       18.3       18.3


  11     1072.1       63.3       31.1       31.1


  12     1305.0       89.4       51.4       51.4


  13     1559.6      117.7       73.1       73.1


  14     1838.9      148.7       99.2       99.2


  15     2145.5      189.3      132.2      132.2


  16     2472.0      229.2      164.8      164.8


  17     2822.4      270.2      201.6      200.0       17.5        6.8        6.8


  18     3202.9      320.0      247.3      245.2       25.3       12.4       12.4


  19     3607.4      377.1      296.3      293.6       33.9       17.8       17.8


  20     4038.1      437.8      350.0      346.4       43.7       25.4       25.4


  21     4492.8      500.4      406.7      402.2       53.8       32.3       32.3        6.6


  22     4966.4      563.7      461.5      455.5       60.3       34.6       34.6        3.7


  23     5465.1      628.2      520.5      512.9       66.5       37.8       37.8        2.2


  24     5989.2      694.6      583.7      574.5       74.1       42.5       42.5        2.3


  25     6539.0      769.0      651.4      640.3       83.9       48.6       48.6        3.3


  26     7112.0      846.1      721.1      708.1       92.9       54.0       54.0        3.6


  27     7708.9      952.6      793.6      778.6      100.7       59.5       59.5        2.9


  28     8332.8     1008.1      871.9      854.7      111.8       68.1       68.1        3.6


  29     8978.9     1096.1      951.0      931.1      119.8       73.6       73.6        1.6


  30     9658.6     1193.6     1042.8     1019.7      135.9       86.6       86.6        8.1


  31    10367.1     1297.7     1142.3     1115.4      158.1      106.8      102.9       17.4


  32    11103.1     1414.3     1247.8     1216.7      180.0      127.9      120.8       28.7


  33    11866.7     1526.5     1358.6     1323.1      203.5      146.4      140.5       41.2       41.2       -1.0        2.5
            2.5

  34    12657.8     1653.9     1476.2     1435.8      231.5      168.2      161.9       56.7       56.7       -1.0        5.6
            5.6

  35    13473.7     1782.0     1596.0     1549.9      256.5      189.3      181.5       70.1       69.0       27.3         5.2
            4.6

  36    14325.6     1921.0     1727.2     1647.9       -1.0      222.7      213.8       88.9       88.9       24.0        10.6
           10.6

  37    15199.7     2065.1     1863.9     1804.4     322.1       247.4      238.5      111.8      110.3       29.3        14.8
           14.0

  38    16104.6     2216.3     2006.8     1939.6     357.5       279.8      269.1      135.0      133.1       37.7        19.9
           19.9

  39    17038.4     2372.5     2155.5     2080.0     393.6       312.4      300.3      159.6      157.4       45.4        25.6
           25.6

  40    17997.6     2531.6     2306.7     2222.3     430.3       344.2      330.5      182.4      180.0       51.3        28.7
           28.7

  41    18985.6     2697.7     2464.7     2370.5     468.4       378.4      363.0      207.4      204.6       58.1        33.9
           33.9        3.2        3.2

  42    19999.5     2865.5     2625.1     2520.2     504.6       409.7      392.3      230.3      227.0       61.8        34.8
           34.8        1.8        1.8

  43    21044.0     3042.5     2793.2     2676.9      -1.0       444.9      425.0      256.4      252.9       -1.0        38.9
           38.9

  44    22117.2     3224.0     2966.9     2837.9     585.0       482.8      460.6      283.6      279.4       74.9        43.1
           43.1        2.0        2.0

  45    23219.9     3411.9     3146.1     3003.8     627.1       521.0      496.2      311.7      307.0       81.0        47.9
           47.9        2.5        2.5

  46    24350.3     3604.3     3330.3     3173.3     669.9       559.1      531.5      340.0      334.7       86.4        51.1
           51.1        1.5        1.5

  47    25514.0     3805.8     3523.7     3351.1     717.5       602.4      571.4      372.8      366.7       95.2        62.6
           55.9        3.3        3.3

  48    26711.2     4018.0     3727.0    3537.5      770.2       650.7      616.5      410.5      403.7       107.6       66.9
           66.9        9.3        9.3

  49    27939.9     4237.5     3938.0    3730.1      825.6       702.2      664.3      450.8      443.1       121.9       77.4
           77.4       16.2       16.2      -1.0       -1.0         0.1        0.8        0.8

  50    29200.1     4464.7     4156.1     3928.8      883.8      756.4      714.4      493.3      484.8      136.5       88.6
           88.6       23.9       23.9        0.9        1.1        1.1

  51    30491.2     4698.3     4380.4     4132.2      943.7      811.9      765.6      536.9      527.5      152.0       98.4
           98.4       31.4       31.4        6.7        2.1        2.1

  52    31813.8     4939.2     4612.0     4341.4     1006.0      869.7      818.7      582.5      572.1      168.3      110.2
          110.2       39.8       39.8       11.6        2.3        2.3

  53    33169.4     5188.1     4852.1     4557.1     1072.1      930.5      874.6      631.3      619.4      186.4      122.7
          122.7       49.6       49.6       13.6        3.3        3.3

  54    34561.4     5452.8     5103.7     4782.2       -1.0      999.0      937.0       -1.0      672.3       -1.0      146.7
          146.7

  55    35984.6     5714.3     5359.4     5011.9     1217.1     1065.0      997.6      739.5      725.5      230.8      172.3
          161.6       78.8       76.5       22.7       13.1       11.4

  56    37440.6     5988.8     5623.6     5247.0     1292.8     1136.7     1062.2      796.1      780.7      253.0      191.8
          179.7       92.5       89.9       39.1       16.6       14.6

  57    38924.6     6266.3     5890.6     5482.7     1361.3     1204.4     1123.4      848.5      831.7      270.4      205.8
          196.0       98.9       98.9       -1.0       -1.0       32.3       14.4       14.4

  58    40443.0     6548.8     6164.2     5723.4     1434.6     1272.8     1185.4      901.3      883.3      289.6      223.3
          207.2      110.0      110.0        0.1        0.1       37.8       19.8       19.8

  59    41990.6     6834.8     6440.4     5964.3     1511.0     1337.4     1242.2      951.1      931.0      304.5      236.3
          217.6      113.2      113.2        2.0        2.0       37.4       22.3       22.3

  60    43568.9     7126.0     6721.5     6207.9     1575.3     1402.8     1297.4      999.9      977.7      315.2      243.3
          224.6      117.5      117.5        1.5        1.5       37.5       21.1       21.1

  61    45184.0     7427.9     7012.8     6459.3     1471.4     1356.9     1051.5     1026.9       -1.0      242.0      242.0
          120.4      120.4

  62    46384.2     7736.8     7311.8     6716.2     1722.8     1540.7     1419.8     1106.0     1080.2      345.7      265.6
          247.4      129.0      129.0        5.5        5.5       37.4       21.3       21.3

  63    48519.0     8052.0     7617.1     6976.9     1800.0     1613.9     1480.6     1160.6     1130.9      360.2      283.9
          256.6      133.2      133.2       -1.0       -1.0       31.8       22.0       22.0

  64    50239.1     8375.6     7930.3     7242.8     1880.8     1688.3     1544.0     1217.2     1185.2      375.8      288.5
          270.9      140.5      140.5        0.1        0.1       36.1       20.3       20.3

  65    51995.7     8708.0     8251.6     7514.0     1967.5     1767.7     1611.3     1275.0     1241.2      397.9      310.2
          385.0      147.0      147.0        2.6        2.6       39.0       25.4       25.4

  66    53788.5     9045.8     8580.6     7790.1     2046.8     1841.8     1675.6     1332.5     1294.9      416.3      331.8
          292.9      154.2      154.2        4.2        4.2       62.9       26.3       26.3

  67    55617.7     9394.2     8917.8     8071.1     2128.3     1922.8     1741.2     1391.5     1351.4      435.7      343.5
          306.6      161.0      161.0        3.7        3.7       51.2       20.3       20.3

  68    57485.5     9751.3     9264.3     8357.9     2206.5     2005.8     1811.8     1453.3     1409.3      449.1      366.2
          320.0      176.7      167.6        4.3        4.3       59.8       29.4       29.4

  69    59389.6    10115.7     9616.9     8648.0     2306.8     2089.8     1884.5     1514.6     1467.7      471.7      385.9
          336.6      179.6      179.6        5.3        5.3       53.2       32.3       32.3

  70    61332.3    10486.4     9978.2     8943.6     2398.1     2173.0     1949.8     1576.3     1527.8      487.2      396.7
          343.5      198.1      184.9        6.3        6.3       54.1       23.4       23.4

  71    63313.8    10870.4    10348.6     9244.1     2491.2     2263.5     2023.6     1639.4     1588.5      506.2      410.1
          359.3      204.8      195.0        6.9        6.9       56.8       28.0       28.0

  72    65350.8    11270.7    10739.4     9560.7     2600.9     2365.4     2107.6     1716.4     1661.7      538.1      437.0
          380.4      223.8      213.7       17.1       17.1       64.9       38.1       30.6

  73    67416.4    11681.5    11136.1     9881.1     2708.0     2468.7     2194.0     1793.2     1735.1      565.5      464.8
          404.5      241.3      229.3       25.0       25.0       71.1       44.9       36.4        5.7        5.7

  74    69525.0    12099.8    11544.0    10206.8     2819.6     2574.9     2281.0     1871.6     1809.2      595.0      491.6
          425.3      258.8      245.4       36.5       33.6       77.1       46.8       35.6        6.1        6.1

  75    71676.4    12526.7    11958.7    10535.3     2931.7     2681.6     2367.3     1948.9     1882.9      625.0      517.9
          444.4      273.7      260.2       40.6       40.6       82.8       45.6       34.6        3.5        3.5

  76    73870.8    12968.0    12385.0    10870.9     3048.5     2792.2     2457.2     2030.8     1960.1      654.3      546.5
          468.2      289.4      272.8       46.3       46.3       83.7       58.0       45.4

  77    76111.0    13418.5    12824.1    11215.2     3173.7     2908.7     2550.7     2116.1     2040.4      690.1      577.1
          494.3      311.4      294.9       63.4       60.5       95.2       63.0       50.5        3.8        3.8

  78    78394.8    13879.9    13272.6    11563.7     3296.0     3026.5     2645.4     2201.9     2121.6      722.0      609.2
          519.0      330.8      313.3       74.3       71.1      101.7       65.3       51.7        2.2        2.2

  79    80724.9    14352.8    13733.6    11918.7     3424.9     3147.8     2743.0     2291.1     2205.7      758.8      643.7
          545.4      352.0      333.9       86.4       82.8      107.8       71.7       53.7        2.5        2.5

  80    83102.3    14839.3    14208.7    12283.9     3561.6     3278.5     2847.1     2384.9     2294.9      800.3      676.9
          571.0      378.3      359.8      102.2       98.5      120.3       80.5       57.6        6.4        6.4

  81    85530.4    15346.7    14697.9    12657.5     3704.1     3415.7     2956.6     2485.1     2389.3      845.5      721.3
          609.0      406.6      386.2      122.8      118.5      136.3       99.6       75.4       15.3       13.1

  82    88004.5    15860.8    15200.0    13035.2     3850.7     3554.2     3066.4     2585.6     2484.0      893.6      763.9
          644.5      435.2      412.9      142.9      138.1      147.3      104.8       86.0       21.8       19.2        3.1
            0.7        0.7
  83    90525.9    16387.5    15711.1    13418.6     3999.1     3696.3     3176.9     2687.6     2579.6      938.2      805.3
          678.9      463.6      440.0      161.9      157.4      159.3      116.8       92.8       26.5       24.4       -1.0
            2.7        2.7
  84    93105.0    16939.3    16244.3    13813.8     4149.4     3854.1     3301.9     2798.0     2683.0      995.3      851.0
          705.0      500.2      473.4       -1.0       -1.0       -1.0       -1.0       -1.0       31.4       31.4

  85    95729.9    17493.0    16784.7    14213.5     4317.0     4008.0     3426.0     2908.7     2786.7     1042.0      886.0
          740.0      533.2

  86    98404.0    18049.0    17337.0    14619.4     4482.0     4159.0     3538.0     3021.0     2892.4     1097.0      929.0
          768.0      566.0

  87   101137.0    18639.0    17906.5    15031.2     4652.0     4327.0     3663.0     3136.2     2999.9     1153.0      980.0
          810.0      603.3      577.0

  88   103921.9    19236.7    18484.3    15444.4     4822.0     4489.5     3791.8     3248.4     3104.9     1208.4     1057.6
          879.1      635.9      602.7      298.9      298.9      254.4      200.4      152.8       67.2       67.2       43.5
           18.8       18.8
  89   106755.3    19840.0    19083.2    15871.0     5002.0     4656.0     3909.0     3370.0     3219.0     1269.0     1080.0
          890.0      674.9

  90   109650.9    20472.1    19693.2    16300.3     5182.3     4830.4     4046.1     3490.8     3332.0     1329.0     1168.2
          967.3      714.1      676.4      344.4      335.2      290.2      229.4      181.8       94.3       87.9       59.5
           49.0       43.0
  91   112601.4    21104.6    20313.7    16733.1     5366.9     5000.9     4173.8     3611.2     3441.8     1387.1     1224.3
         1006.7      743.4      708.2      371.2      359.5      309.6      222.9      222.9       94.1       94.1

  92   115606.1    21757.4    20947.6    17166.3     5548.0     5182.2     4303.4     3727.6     3551.7     1440.8     1272.6
         1044.9      780.4      737.7      391.3      380.9      323.7      259.3      195.1      105.0       96.3       70.7
           42.3       32.3
  93   118678.0    22426.8    21600.5    17610.0     5723.20    5366.20    4434.70    3850.30    3665.80    1500.70    1327.70    
         1086.80     815.9      770.3      415.0      404.4      338.0      283.4      206.1      109.3      101.3      

  94   121818.0    23097.2    22266.2    18056.8     5932.9     5541.20    4556.60    3972.60    3778.10    1558.60    1372.10    
         1114.80     848.9      801.4      445.8      432.4      351.9      274.1      206.5      116.0      105.4 
    