K, L1, L2, L3 edges

       15   P         2.14550     0.189300     0.132200     0.132200
      16   S          2.47200     0.229200     0.164800     0.164800
      17   Cl         2.82240     0.270200     0.201600     0.200000
      18   Ar         3.20290     0.320000     0.247300     0.245200
      19   K          3.60740     0.377100     0.296300     0.293600
      20   Ca         4.03810     0.437800     0.350000     0.346400
      21   Sc         4.49280     0.500400     0.406700     0.402200
      22   Ti         4.96640     0.563700     0.461500     0.455500
      23   V          5.46510     0.628200     0.520500     0.512900
      24   Cr         5.98920     0.694600     0.583700     0.574500
      25   Mn         6.53900     0.769000     0.651400     0.640300
      26   Fe         7.11200     0.846100     0.721100     0.708100
      27   Co         7.70890     0.952600     0.793600     0.778600
      28   Ni         8.33280      1.00810     0.871900     0.854700
      29   Cu         8.97890      1.09610     0.951000     0.931100
      30   Zn         9.65860      1.19360      1.04280      1.01970
      31   Ga         10.3671      1.29770      1.14230      1.11540
      32   Ge         11.1031      1.41430      1.24780      1.21670
      33   As         11.8667      1.52650      1.35860      1.32310
      34   Se         12.6578      1.65390      1.47620      1.43580
      35   Br         13.4737      1.78200      1.59600      1.54990
      36   Kr         14.3256      1.92100      1.72720      1.64790
      37   Rb         15.1997      2.06510      1.86390      1.80440
      38   Sr         16.1046      2.21630      2.00680      1.93960
      39   Y          17.0384      2.37250      2.15550      2.08000
      40   Zr         17.9976      2.53160      2.30670      2.22230
      41   Nb         18.9856      2.69770      2.46470      2.37050
      42   Mo         19.9995      2.86550      2.62510      2.52020
      43   Tc         21.0440      3.04250      2.79320      2.67690
      44   Ru         22.1172      3.22400      2.96690      2.83790
      45   Rh         23.2199      3.41190      3.14610      3.00380
      46   Pd         24.3503      3.60430      3.33030      3.17330
      47   Ag         25.5140      3.80580      3.52370      3.35110
      48   Cd         26.7112      4.01800      3.72700      3.53750
      49   In         27.9399      4.23750      3.93800      3.73010
      50   Sn         29.2001      4.46470      4.15610      3.92880
      51   Sb         30.4912      4.69830      4.38040      4.13220
      52   Te         31.8138      4.93920      4.61200      4.34140
      53   I          33.1694      5.18810      4.85210      4.55710
      54   Xe         34.5614      5.45280      5.10370      4.78220
      55   Cs         35.9846      5.71430      5.35940      5.01190
      56   Ba         37.4406      5.98880      5.62360      5.24700
      57   La         38.9246      6.26630      5.89060      5.48270
      58   Ce         40.4430      6.54880      6.16420      5.72340
      59   Pr         41.9906      6.83480      6.44040      5.96430
      60   Nd         43.5689      7.12600      6.72150      6.20790
      61   Pm         45.1840      7.42790      7.01280      6.45930
      62   Sm         46.3842      7.73680      7.31180      6.71620
      63   Eu         48.5190      8.05200      7.61710      6.97690
      64   Gd         50.2391      8.37560      7.93030      7.24280
      65   Tb         51.9957      8.70800      8.25160      7.51400
      66   Dy         53.7885      9.04580      8.58060      7.79010
      67   Ho         55.6177      9.39420      8.91780      8.07110
      68   Er         57.4855      9.75130      9.26430      8.35790
      69   Tm         59.3896      10.1157      9.61690      8.64800
      70   Yb         61.3323      10.4864      9.97820      8.94360
      71   Lu         63.3138      10.8704      10.3486      9.24410
      72   Hf         65.3508      11.2707      10.7394      9.56070
      73   Ta         67.4164      11.6815      11.1361      9.88110
      74   W          69.5250      12.0998      11.5440      10.2068
      75   Re         71.6764      12.5267      11.9587      10.5353
      76   Os         73.8708      12.9680      12.3850      10.8709
      77   Ir         76.1110      13.4185      12.8241      11.2152
      78   Pt         78.3948      13.8799      13.2726      11.5637
      79   Au         80.7249      14.3528      13.7336      11.9187
      80   Hg         83.1023      14.8393      14.2087      12.2839
      81   Tl         85.5304      15.3467      14.6979      12.6575
      82   Pb         88.0045      15.8608      15.2000      13.0352
      83   Bi         90.5259      16.3875      15.7111      13.4186
      84   Po         93.1050      16.9393      16.2443      13.8138
      85   At         95.7299      17.4930      16.7847      14.2135
      86   Rn         98.4040      18.0490      17.3370      14.6194
      87   Fr         101.137      18.6390      17.9065      15.0312
      88   Ra         103.922      19.2367      18.4843      15.4444
      89   Ac         106.755      19.8400      19.0832      15.8710
      90   Th         109.651      20.4721      19.6932      16.3003
      91   Pa         112.601      21.1046      20.3137      16.7331
      92   U          115.606      21.7574      20.9476      17.1663
      93   Np         118.678      22.4268      21.6005      17.6100
      94   Pu         121.818      23.0972      22.2662      18.0568


M1 - M5 edges
      50   Sn        0.883800     0.756400     0.714400     0.493300     0.484800
      51   Sb        0.943700     0.811900     0.765600     0.536900     0.527500
      52   Te         1.00600     0.869700     0.818700     0.582500     0.572100
      53   I          1.07210     0.930500     0.874600     0.631300     0.619400
      54   Xe     -0.00100000     0.999000     0.937000  -0.00100000     0.672300
      55   Cs         1.21710      1.06500     0.997600     0.739500     0.725500
      56   Ba         1.29280      1.13670      1.06220     0.796100     0.780700
      57   La         1.36130      1.20440      1.12340     0.848500     0.831700
      58   Ce         1.43460      1.27280      1.18540     0.901300     0.883300
      59   Pr         1.51100      1.33740      1.24220     0.951100     0.931000
      60   Nd         1.57530      1.40280      1.29740     0.999900     0.977700
      61   Pm         1.47140      1.35690      1.05150      1.02690  
      62   Sm         1.72280      1.54070      1.41980      1.10600      1.08020
      63   Eu         1.80000      1.61390      1.48060      1.16060      1.13090
      64   Gd         1.88080      1.68830      1.54400      1.21720      1.18520
      65   Tb         1.96750      1.76770      1.61130      1.27500      1.24120
      66   Dy         2.04680      1.84180      1.67560      1.33250      1.29490
      67   Ho         2.12830      1.92280      1.74120      1.39150      1.35140
      68   Er         2.20650      2.00580      1.81180      1.45330      1.40930
      69   Tm         2.30680      2.08980      1.88450      1.51460      1.46770
      70   Yb         2.39810      2.17300      1.94980      1.57630      1.52780
      71   Lu         2.49120      2.26350      2.02360      1.63940      1.58850
      72   Hf         2.60090      2.36540      2.10760      1.71640      1.66170
      73   Ta         2.70800      2.46870      2.19400      1.79320      1.73510
      74   W          2.81960      2.57490      2.28100      1.87160      1.80920
      75   Re         2.93170      2.68160      2.36730      1.94890      1.88290
      76   Os         3.04850      2.79220      2.45720      2.03080      1.96010
      77   Ir         3.17370      2.90870      2.55070      2.11610      2.04040
      78   Pt         3.29600      3.02650      2.64540      2.20190      2.12160
      79   Au         3.42490      3.14780      2.74300      2.29110      2.20570
      80   Hg         3.56160      3.27850      2.84710      2.38490      2.29490
      81   Tl         3.70410      3.41570      2.95660      2.48510      2.38930
      82   Pb         3.85070      3.55420      3.06640      2.58560      2.48400
      83   Bi         3.99910      3.69630      3.17690      2.68760      2.57960
      84   Po         4.14940      3.85410      3.30190      2.79800      2.68300
      85   At         4.31700      4.00800      3.42600      2.90870      2.78670
      86   Rn         4.48200      4.15900      3.53800      3.02100      2.89240
      87   Fr         4.65200      4.32700      3.66300      3.13620      2.99990
      88   Ra         4.82200      4.48950      3.79180      3.24840      3.10490
      89   Ac         5.00200      4.65600      3.90900      3.37000      3.21900
      90   Th         5.18230      4.83040      4.04610      3.49080      3.33200
      91   Pa         5.36690      5.00090      4.17380      3.61120      3.44180
      92   U          5.54800      5.18220      4.30340      3.72760      3.55170
      93   Np         5.72320  
      94   Pu         5.93290      5.54120
