    0    1    1    8.0714
    1    0    1    7.2890
    1    1    2   13.1358
    1    2    3   14.9499
    2    1    3   14.9313
    2    2    4    2.4249
    2    3    5   11.3900
    2    4    6   17.5970
    3    1    4   25.1300
    3    2    5   11.6800
    3    3    6   14.0873
    3    4    7   14.9082
    3    5    8   20.9469
    3    6    9   24.9548
    4    2    6   18.3750
    4    3    7   15.7701
    4    4    8    4.9417
    4    5    9   11.3480
    4    6   10   12.6076
    4    7   11   20.1760
    4    8   12   25.0300
    5    2    7   27.9400
    5    3    8   22.9219
    5    4    9   12.4161
    5    5   10   12.0517
    5    6   11    8.6679
    5    7   12   13.3695
    5    8   13   16.5620
    5    9   14   23.6570
    5   10   15   29.5300
    6    3    9   28.9121
    6    4   10   15.7029
    6    5   11   10.6500
    6    6   12    0.0000
    6    7   13    3.1250
    6    8   14    3.0199
    6    9   15    9.8732
    6   10   16   13.6930
    6   11   17   21.0600
    6   12   18   25.3700
    7    3   10   39.5000
    7    4   11   25.2300
    7    5   12   17.3380
    7    6   13    5.3456
    7    7   14    2.8634
    7    8   15    0.1015
    7    9   16    5.6816
    7   10   17    7.8700
    7   11   18   13.2740
    7   12   19   15.6000
    7   13   20   22.2000
    7   14   21   26.9500
    8    4   12   32.0700
    8    5   13   23.1050
    8    6   14    8.0083
    8    7   15    2.8554
    8    8   16   -4.7370
    8    9   17   -0.8099
    8   10   18   -0.7830
    8   11   19    3.3314
    8   12   20    3.7990
    8   13   21    8.1200
    8   14   22    9.4900
    8   15   23   17.9500
    9    5   14   33.6100
    9    6   15   17.6600
    9    7   16   10.6920
    9    8   17    1.9516
    9    9   18    0.8725
    9   10   19   -1.4873
    9   11   20   -0.0171
    9   12   21   -0.0470
    9   13   22    2.8260
    9   14   23    3.3500
    9   15   24    8.6500
    9   16   25   12.8400
   10    6   16   24.1100
   10    7   17   16.4780
   10    8   18    5.3190
   10    9   19    1.7509
   10   10   20   -7.0430
   10   11   21   -5.7331
   10   12   22   -8.0261
   10   13   23   -5.1551
   10   14   24   -5.9490
   10   15   25   -2.1500
   10   16   26   -0.1900
   10   17   27    6.6700
   11    7   18   25.3200
   11    8   19   12.9300
   11    9   20    6.8440
   11   10   21   -2.1858
   11   11   22   -5.1840
   11   12   23   -9.5296
   11   13   24   -8.4175
   11   14   25   -9.3570
   11   15   26   -6.8880
   11   16   27   -5.6300
   11   17   28   -1.1300
   11   18   29    2.6600
   11   19   30    8.3800
   11   20   31   10.6100
   11   21   32   16.4100
   12    8   20   17.5680
   12    9   21   10.9120
   12   10   22   -0.3941
   12   11   23   -5.4706
   12   12   24  -13.9306
   12   13   25  -13.1908
   12   14   26  -16.2124
   12   15   27  -14.5850
   12   16   28  -15.0164
   12   17   29  -10.7500
   12   18   30   -9.7900
   12   19   31   -3.9000
   12   20   32   -2.8900
   12   21   33    4.1300
   13    9   22   18.2100
   13   10   23    6.7680
   13   11   24   -0.0520
   13   12   25   -8.9129
   13   13   26  -12.2076
   13   14   27  -17.1943
   13   15   28  -16.8482
   13   16   29  -18.2120
   13   17   30  -15.8900
   13   18   31  -15.1000
   13   19   32  -11.2900
   13   20   33   -9.3700
   13   21   34   -4.1500
   13   22   35   -0.8400
   14   10   24   10.7400
   14   11   25    3.8240
   14   12   26   -7.1431
   14   13   27  -12.3853
   14   14   28  -21.4912
   14   15   29  -21.8937
   14   16   30  -24.4317
   14   17   31  -22.9487
   14   18   32  -24.0920
   14   19   33  -20.5700
   14   20   34  -20.2500
   14   21   35  -15.0400
   14   22   36  -12.6700
   14   23   37   -7.0100
   15   11   26   11.2600
   15   12   27   -0.5900
   15   13   28   -7.1595
   15   14   29  -16.9493
   15   15   30  -20.2045
   15   16   31  -24.4395
   15   17   32  -24.3047
   15   18   33  -26.3369
   15   19   34  -24.5500
   15   20   35  -24.9400
   15   21   36  -20.7700
   15   22   37  -19.0100
   15   23   38  -14.5600
   15   24   39  -12.3000
   16   12   28    4.1900
   16   13   29   -3.1600
   16   14   30  -14.0620
   16   15   31  -19.0441
   16   16   32  -26.0151
   16   17   33   26.5859
   16   18   34  -29.9312
   16   19   35  -28.8462
   16   20   36  -30.6659
   16   21   37  -26.9080
   16   22   38  -26.8620
   16   23   39  -23.0000
   16   24   40  -22.2400
   16   25   41  -18.1000
   17   13   30    4.8400
   17   14   31   -7.0700
   17   15   32  -13.3290
   17   16   33  -21.0030
   17   17   34  -24.4383
   17   18   35  -29.0137
   17   19   36  -29.5217
   17   20   37  -31.7617
   17   21   38  -29.7980
   17   22   39  -29.8030
   17   23   40  -27.5400
   17   24   41  -27.4000
   17   25   42  -24.4200
   17   26   43  -23.1400
   18   14   32   -2.2100
   18   15   33   -9.3850
   18   16   34  -18.3792
   18   17   35  -23.0489
   18   18   36  -30.2313
   18   19   37  -30.9479
   18   20   38  -34.7150
   18   21   39  -33.2410
   18   22   40  -35.0402
   18   23   41  -33.0677
   18   24   42  -34.4200
   18   25   43  -31.9800
   18   26   44  -32.2710
   18   27   45  -29.7300
   18   28   46  -29.7300
   19   15   34   -1.4800
   19   16   35  -11.1690
   19   17   36  -17.4260
   19   18   37  -24.7994
   19   19   38  -28.8020
   19   20   39  -33.8062
   19   21   40  -33.5352
   19   22   41  -35.5597
   19   23   42  -35.0228
   19   24   43  -36.5880
   19   25   44  -35.8070
   19   26   45  -36.6110
   19   27   46  -35.4200
   19   28   47  -35.6980
   19   29   48  -32.2200
   20   16   36   -6.6500
   20   17   37  -13.1640
   20   18   38  -22.0600
   20   19   39  -27.2820
   20   20   40  -34.8468
   20   21   41  -35.1385
   20   22   42  -38.5439
   20   23   43  -38.4054
   20   24   44  -41.4600
   20   25   45  -40.8096
   20   26   46  -43.1382
   20   27   47  -42.3429
   20   28   48  -44.2160
   20   29   49  -41.2860
   20   30   50  -39.5720
   21   17   38   -4.4600
   21   18   39  -14.0800
   21   19   40  -20.5270
   21   20   41  -28.6435
   21   21   42  -32.1207
   21   22   43  -36.1850
   21   23   44  -37.8107
   21   24   45  -41.0665
   21   25   46  -41.7556
   21   26   47  -44.3305
   21   27   48  -44.4980
   21   28   49  -46.5550
   21   29   50  -44.5390
   21   30   51  -43.2200
   21   31   52  -40.1400
   22   18   40   -9.0400
   22   19   41  -15.7800
   22   20   42  -25.1220
   22   21   43  -29.3240
   22   22   44  -37.5462
   22   23   45  -39.0040
   22   24   46  -44.1227
   22   25   47  -44.9310
   22   26   48  -48.4877
   22   27   49  -48.5587
   22   28   50  -51.4321
   22   29   51  -49.7330
   22   30   52  -49.4690
   22   31   53  -46.8900
   22   32   54  -45.3300
   23   19   42   -8.0200
   23   20   43  -18.0200
   23   21   44  -23.8500
   23   22   45  -31.8790
   23   23   46  -37.0708
   23   24   47  -42.0011
   23   25   48  -44.4728
   23   26   49  -47.9569
   23   27   50  -49.2193
   23   28   51  -52.1991
   23   29   52  -51.4389
   23   30   53  -51.8630
   23   31   54  -49.9300
   23   32   55  -49.0100
   23   33   56  -46.2100
   24   20   44  -13.5000
   24   21   45  -19.4600
   24   22   46  -29.4610
   24   23   47  -52.7900
   24   24   48  -42.8180
   24   25   49  -45.3290
   24   26   50  -50.2580
   24   27   51  -51.4478
   24   28   52  -55.4153
   24   29   53  -55.2837
   24   30   54  -56.9330
   24   31   55  -55.1063
   24   32   56  -55.2650
   24   34   58  -52.0500
   25   21   46  -12.4700
   25   22   47  -22.9200
   25   23   48  -29.1700
   25   24   49  -37.6130
   25   25   50  -42.6257
   25   26   51  -48.2398
   25   27   52  -50.7042
   25   28   53  -54.6874
   25   29   54  -55.5543
   25   30   55  -57.7100
   25   31   56  -56.9088
   25   32   57  -57.4870
   25   33   58  -56.2100
   25   34   59  -55.4780
   25   35   60  -52.9500
   26   23   49  -24.4700
   26   24   50  -34.4300
   26   25   51  -40.2280
   26   26   52  -48.3320
   26   27   53  -50.9442
   26   28   54  -56.2514
   26   29   55  -57.4786
   26   30   56  -60.6041
   26   31   57  -60.1790
   26   32   58  -62.1518
   26   33   59  -60.6614
   26   34   60  -61.4370
   26   35   61  -59.0100
   26   36   62  -58.9300
   27   24   51  -27.2300
   27   25   52  -34.2300
   27   26   53  -42.6400
   27   27   54  -48.0096
   27   28   55  -54.0239
   27   29   56  -56.0367
   27   30   57  -59.3424
   27   31   58  -59.8440
   27   32   59  -62.2264
   27   33   60  -61.6466
   27   34   61  -62.8970
   27   35   62  -61.5040
   27   36   63  -61.8500
   27   37   64  -59.7910
   28   25   53  -29.4100
   28   26   54  -39.2100
   28   27   55  -45.3340
   28   28   56  -53.9020
   28   29   57  -56.0990
   28   30   58  -60.2243
   28   31   59  -61.1529
   28   32   60  -64.4702
   28   33   61  -64.2191
   28   34   62  -66.7454
   28   35   63  -65.5126
   28   36   64  -67.0979
   28   37   65  -65.1245
   28   38   66  -66.0210
   28   39   67  -63.4700
   29   26   55  -31.5300
   29   27   56  -38.5000
   29   28   57  -47.6200
   29   29   58  -51.6617
   29   30   59  -56.3522
   29   31   60  -58.3433
   29   32   61  -61.9807
   29   33   62  -62.7960
   29   34   63  -65.5785
   29   35   64  -65.4230
   29   36   65  -67.2615
   29   37   66  -66.2567
   29   38   67  -67.3050
   29   39   68  -65.3900
   29   40   69  -65.9400
   29   41   70  -63.3900
   30   27   57  -32.6300
   30   28   58  -42.2600
   30   29   59  -47.5900
   30   30   60  -54.1840
   30   31   61  -56.5800
   30   32   62  -61.1690
   30   33   63  -62.2111
   30   34   64  -66.0012
   30   35   65  -65.9096
   30   36   66  -68.8983
   30   37   67  -67.8796
   30   38   68  -70.0063
   30   39   69  -68.4170
   30   40   70  -69.5599
   30   41   71  -67.3240
   30   42   72  -68.1340
   30   43   73  -65.0300
   30   44   74  -65.6700
   30   45   75  -62.4600
   30   46   76  -62.5500
   30   47   77  -58.9100
   30   48   78  -58.0800
   31   30   61  -47.7500
   31   31   62  -51.7700
   31   32   63  -56.6900
   31   33   64  -58.8360
   31   34   65  -62.6538
   31   35   66  -63.7233
   31   36   67  -66.8785
   31   37   68  -67.0852
   31   38   69  -69.3215
   31   39   70  -68.9052
   31   40   71  -70.1415
   31   41   72  -68.5910
   31   42   73  -69.7300
   31   43   74  -68.0200
   31   44   75  -68.5600
   31   45   76  -66.4400
   31   46   77  -66.4100
   31   47   78  -63.6800
   31   48   79  -62.8100
   31   49   80  -59.5300
   32   31   63  -47.5500
   32   32   64  -54.4300
   32   33   65  -56.4100
   32   34   66  -61.6210
   32   35   67  -62.4500
   32   36   68  -66.9720
   32   37   69  -67.0960
   32   38   70   70.5614
   32   39   71  -69.9058
   32   40   72  -72.5826
   32   41   73  -71.2935
   32   42   74  -73.4221
   32   43   75  -71.8561
   32   44   76  -73.2135
   32   45   77  -71.2143
   32   46   78  -71.7600
   32   47   79  -69.5700
   32   48   80  -69.4300
   32   49   81  -66.3400
   32   50   82  -65.7900
   33   32   65  -47.1500
   33   33   66  -51.5200
   33   34   67  -56.6500
   33   35   68  -58.7700
   33   36   69  -63.1200
   33   37   70  -64.3390
   33   38   71  -67.8930
   33   39   72  -68.2320
   33   40   73  -70.9490
   33   41   74  -70.8597
   33   42   75  -73.0339
   33   43   76  -72.2906
   33   44   77  -73.9157
   33   45   78  -72.7400
   33   46   79  -73.7200
   33   47   80  -72.0600
   33   48   81  -72.6400
   33   49   82  -70.1900
   33   50   83  -69.9500
   33   51   84  -66.1600
   34   33   67  -47.0800
   34   34   68  -54.1700
   34   35   69  -56.3000
   34   36   70  -61.5900
   34   37   71  -63.0900
   34   38   72  -67.8940
   34   39   73  -68.2090
   34   40   74  -72.2127
   34   41   75  -72.1690
   34   42   76  -75.2592
   34   43   77  -74.6061
   34   44   78  -77.0315
   34   45   79  -75.9206
   34   46   80  -77.7613
   34   47   81  -76.3910
   34   48   82  -77.5860
   34   49   83  -75.4100
   34   50   84  -75.9420
   34   51   85  -72.5700
   34   52   86  -70.8600
   35   34   69  -46.6200
   35   35   70  -51.1400
   35   36   71  -56.4900
   35   37   72  -58.9300
   35   38   73  -63.6700
   35   39   74  -65.2950
   35   40   75  -69.1590
   35   41   76  -70.3030
   35   42   77  -73.2415
   35   43   78  -73.4580
   35   44   79  -76.0700
   35   45   80  -75.8910
   35   46   81  -77.9760
   35   47   82  -77.4980
   35   48   83  -79.0250
   35   49   84  -77.7590
   35   50   85  -78.6700
   35   51   86  -75.9600
   35   52   87  -74.2100
   35   53   88  -71.0900
   36   35   71  -46.5000
   36   36   72  -53.8700
   36   37   73  -56.9800
   36   38   74  -62.0200
   36   39   75  -64.1600
   36   40   76  -69.1000
   36   41   77  -70.2360
   36   42   78  -74.1500
   36   43   79  -74.4390
   36   44   80  -77.8970
   36   45   81  -77.7070
   36   46   82  -80.5910
   36   47   83  -79.9846
   36   48   84  -82.4319
   36   49   85  -81.4718
   36   50   86  -83.2630
   36   51   87  -80.7070
   36   52   88  -79.6890
   36   53   89  -76.7900
   36   54   90  -75.1800
   36   55   91  -71.7700
   36   56   92  -69.1500
   36   57   93  -64.9200
   37   38   75  -57.5100
   37   39   76  -60.6100
   37   40   77  -65.1100
   37   41   78  -67.0900
   37   42   79  -70.8600
   37   43   80  -72.1900
   37   44   81  -75.4450
   37   45   82  -76.2130
   37   46   83  -78.9870
   37   47   84  -79.7520
   37   48   85  -82.1588
   37   49   86  -82.7377
   37   50   87  -84.5957
   37   51   88  -82.6020
   37   52   89  -81.7170
   37   53   90  -79.5700
   37   54   91  -77.9700
   37   55   92  -75.1200
   37   56   93  -72.9200
   37   57   94  -69.4600
   37   58   95  -66.5500
   37   59   96  -62.7700
   38   39   77  -57.9600
   38   40   78  -63.8500
   38   41   79  -65.4600
   38   42   80  -70.3900
   38   43   81  -71.4600
   38   44   82  -75.9990
   38   45   83  -76.7370
   38   46   84  -80.6410
   38   47   85  -81.0950
   38   48   86  -84.5121
   38   49   87  -84.8689
   38   50   88  -87.9106
   38   51   89  -86.2030
   38   52   90  -85.9347
   38   53   91  -83.6660
   38   54   92  -82.8920
   38   55   93  -80.2800
   38   56   94  -78.9600
   38   57   95  -75.1400
   38   58   96  -73.0700
   38   59   97  -69.0800
   38   60   98  -67.3800
   39   43   82  -67.9100
   39   44   83  -72.4400
   39   45   84  -73.6920
   39   46   85  -77.8350
   39   47   86  -79.2390
   39   48   87  -83.0072
   39   49   88  -84.2980
   39   50   89  -87.6953
   39   51   90  -86.4807
   39   52   91  -86.3495
   39   53   92  -84.8220
   39   54   93  -84.2270
   39   55   94  -82.3820
   39   56   95  -81.2330
   39   57   96  -78.4300
   39   58   97  -76.2800
   39   59   98  -73.1900
   39   60   99  -71.5000
   40   44   84  -71.4400
   40   45   85  -73.1300
   40   46   86  -77.9400
   40   47   87  -79.4300
   40   48   88  -83.6210
   40   49   89  -84.8595
   40   50   90  -88.7646
   40   51   91  -87.8925
   40   52   92  -88.4561
   40   53   93  -87.1167
   40   54   94  -87.2639
   40   55   95  -85.6634
   40   56   96  -85.4447
   40   57   97  -82.9542
   40   58   98  -81.2920
   40   59   99  -77.8900
   40   60  100  -76.6000
   40   61  101  -73.0500
   41   45   86  -69.3400
   41   46   87  -74.4300
   41   47   88  -76.4200
   41   48   89  -80.6210
   41   49   90  -82.6540
   41   50   91  -86.6369
   41   51   92  -86.4481
   41   52   93  -87.2090
   41   53   94  -86.3671
   41   54   95  -86.7865
   41   55   96  -85.6080
   41   56   97  -85.6116
   41   57   98  -83.5300
   41   58   99  -82.3460
   41   59  100  -79.9600
   41   60  101  -78.9500
   41   61  102  -76.3600
   41   62  103  -75.4100
   42   46   88  -72.9200
   42   47   89  -75.2200
   42   48   90  -80.1670
   42   49   91  -82.1990
   42   50   92  -86.8070
   42   51   93  -86.8030
   42   52   94  -88.4123
   42   53   95  -87.7121
   42   54   96  -88.7949
   42   55   97  -87.5445
   42   56   98  -88.1154
   42   57   99  -85.9695
   42   58  100  -86.1890
   42   59  101  -83.5160
   42   60  102  -83.5620
   42   61  103  -80.6100
   42   62  104  -80.5000
   42   63  105  -77.1400
   43   47   90  -70.9700
   43   48   91  -75.9800
   43   49   92  -78.9360
   43   50   93  -83.6100
   43   51   94  -84.1560
   43   52   95  -86.0130
   43   53   96  -85.8210
   43   54   97  -87.2240
   43   55   98  -86.4340
   43   56   99  -87.3262
   43   57  100  -86.0188
   43   58  101  -86.3270
   43   59  102  -84.6000
   43   60  103  -84.9100
   43   61  104  -82.7000
   43   62  105  -82.5400
   43   63  106  -80.0300
   43   64  107  -79.5100
   44   49   93  -77.3100
   44   50   94  -82.5710
   44   51   95  -83.4520
   44   52   96  -86.0750
   44   53   97  -86.0700
   44   54   98  -88.2260
   44   55   99  -87.6198
   44   56  100  -89.2216
   44   57  101  -87.9516
   44   58  102  -89.1005
   44   59  103  -87.2614
   44   60  104  -88.0990
   44   61  105  -85.9380
   44   62  106  -86.3330
   44   63  107  -83.7100
   44   64  108  -83.8200
   44   65  109  -80.8100
   45   50   95  -78.3400
   45   51   96  -79.6330
   45   52   97  -82.5600
   45   53   98  -83.1680
   45   54   99  -85.5170
   45   55  100  -85.5920
   45   56  101  -87.4100
   45   57  102  -86.7770
   45   58  103  -88.0240
   45   59  104  -86.9520
   45   60  105  -87.8550
   45   61  106  -86.3720
   45   62  107  -86.8600
   45   63  108  -85.0200
   45   64  109  -85.1100
   45   65  110  -82.9300
   45   66  111  -82.5300
   46   51   97  -77.7600
   46   52   98  -81.2700
   46   53   99  -82.1120
   46   54  100  -85.2300
   46   55  101  -85.4280
   46   56  102  -87.9250
   46   57  103  -87.4780
   46   58  104  -89.4000
   46   59  105  -88.4220
   46   60  106  -89.9130
   46   61  107  -88.3710
   46   62  108  -89.5230
   46   63  109  -87.6060
   46   64  110  -88.3350
   46   65  111  -86.0300
   46   66  112  -86.3260
   46   67  113  -83.6400
   47   52   99  -76.5100
   47   53  100  -77.9300
   47   54  101  -81.3300
   47   55  102  -82.3300
   47   56  103  -84.8000
   47   57  104  -85.1500
   47   58  105  -87.0750
   47   59  106  -86.9290
   47   60  107  -88.4040
   47   61  108  -87.6020
   47   62  109  -88.7220
   47   63  110  -87.4560
   47   64  111  -88.2260
   47   65  112  -86.6200
   47   66  113  -87.0400
   47   67  114  -85.1600
   47   68  115  -84.9100
   47   69  116  -82.6200
   47   70  117  -82.2400
   48   53  101  -75.5300
   48   54  102  -79.4300
   48   55  103  -80.6000
   48   56  104  -83.8500
   48   57  105  -84.3360
   48   58  106  -87.1310
   48   59  107  -86.9870
   48   60  108  -89.2510
   48   61  109  -88.5400
   48   62  110  -90.3490
   48   63  111  -89.2540
   48   64  112  -90.5779
   48   65  113  -89.0503
   48   66  114  -90.0196
   48   67  115  -88.0930
   48   68  116  -88.7176
   48   69  117  -86.4160
   48   70  118  -86.7070
   48   71  119  -84.2300
   48   72  120  -83.9810
   49   53  102  -70.1300
   49   54  103  -74.1000
   49   55  104  -75.8500
   49   56  105  -79.3400
   49   57  106  -80.5860
   49   58  107  -83.5000
   49   59  108  -84.1000
   49   60  109  -86.5240
   49   61  110  -86.4090
   49   62  111  -88.4050
   49   63  112  -88.0000
   49   64  113  -89.3720
   49   65  114  -88.5760
   49   66  115  -89.5410
   49   67  116  -88.2530
   49   68  117  -88.9440
   49   69  118  -87.4500
   49   70  119  -87.7300
   49   71  120  -85.7000
   49   72  121  -85.8420
   49   73  122  -83.6000
   49   74  123  -83.4400
   49   75  124  -81.1000
   49   76  125  -80.5000
   49   77  126  -77.9000
   49   78  127  -77.1700
   49   79  128  -74.3400
   49   80  129  -73.1200
   49   81  130  -70.0800
   50   54  104  -71.1500
   50   55  105  -73.0900
   50   56  106  -76.9900
   50   57  107  -78.4000
   50   58  108  -81.9000
   50   59  109  -82.6200
   50   60  110  -85.8340
   50   61  111  -85.9410
   50   62  112  -88.6580
   50   63  113  -88.3320
   50   64  114  -90.5600
   50   65  115  -90.0351
   50   66  116  -91.5261
   50   67  117  -90.3989
   50   68  118  -91.6536
   50   69  119  -90.0667
   50   70  120  -91.1018
   50   71  121  -89.2018
   50   72  122  -89.9460
   50   73  123  -87.8210
   50   74  124  -88.2400
   50   75  125  -85.9020
   50   76  126  -86.0240
   50   77  127  -83.6000
   50   78  128  -83.4400
   50   79  129  -80.6400
   50   80  130  -80.3800
   50   81  131  -77.4800
   50   82  132  -76.3900
   51   55  106  -66.1900
   51   56  107  -70.4000
   51   57  108  -72.4000
   51   58  109  -76.1200
   51   59  110  -77.4300
   51   60  111  -80.8400
   51   61  112  -81.7400
   51   62  113  -84.4430
   51   63  114  -84.8700
   51   64  115  -87.0050
   51   65  116  -86.9300
   51   66  117  -88.6540
   51   67  118  -87.9670
   51   68  119  -89.4830
   51   69  120  -88.4210
   51   70  121  -89.5884
   51   71  122  -88.3233
   51   72  123  -89.2175
   51   73  124  -87.6134
   51   74  125  -88.2520
   51   75  126  -86.4020
   51   76  127  -86.7040
   51   77  128  -84.7300
   51   78  129  -84.6300
   51   79  130  -82.3800
   51   80  131  -82.1000
   51   81  132  -79.6100
   51   82  133  -78.9800
   51   83  134  -73.8700
   52   56  108  -65.3200
   52   57  109  -67.4700
   52   58  110  -71.7600
   52   59  111  -73.4700
   52   60  112  -77.5500
   52   61  113  -78.5400
   52   62  114  -82.1900
   52   63  115  -82.4200
   52   64  116  -85.3700
   52   65  117  -85.1640
   52   66  118  -87.6710
   52   67  119  -87.1890
   52   68  120  -89.4040
   52   69  121  -88.5080
   52   70  122  -90.3040
   52   71  123  -89.1655
   52   72  124  -90.5183
   52   73  125  -89.0190
   52   74  126  -90.0660
   52   75  127  -88.2850
   52   76  128  -88.9923
   52   77  129  -87.0070
   52   78  130  -87.3480
   52   79  131  -85.2010
   52   80  132  -85.2130
   52   81  133  -82.9300
   52   82  134  -82.6700
   52   83  135  -77.6000
   52   84  136  -74.8300
   53   59  112  -67.4400
   53   60  113  -71.4400
   53   61  114  -73.0700
   53   62  115  -76.6200
   53   63  116  -77.6100
   53   64  117  -80.8500
   53   65  118  -81.3700
   53   66  119  -83.8200
   53   67  120  -84.0000
   53   68  121  -86.1400
   53   69  122  -86.1600
   53   70  123  -87.9700
   53   71  124  -84.3300
   53   72  125  -88.8410
   53   73  126  -87.9110
   53   74  127  -88.9800
   53   75  128  -87.7340
   53   76  129  -88.5050
   53   77  130  -86.8970
   53   78  131  -87.4510
   53   79  132  -85.7060
   53   80  133  -85.9020
   53   81  134  -83.9700
   53   82  135  -83.7960
   53   83  136  -79.4300
   53   84  137  -76.7200
   53   85  138  -71.7300
   54   60  114  -67.0900
   54   61  115  -68.7000
   54   62  116  -73.2700
   54   63  117  -74.4800
   54   64  118  -78.0700
   54   65  119  -78.8300
   54   66  120  -82.0500
   54   67  121  -82.3500
   54   68  122  -85.1600
   54   69  123  -85.2900
   54   70  124  -87.4500
   54   71  125  -87.1100
   54   72  126  -89.1620
   54   73  127  -88.3160
   54   74  128  -89.8612
   54   75  129  -88.6970
   54   76  130  -89.8811
   54   77  131  -88.4210
   54   78  132  -89.2860
   54   79  133  -87.6620
   54   80  134  -88.1250
   54   81  135  -86.5060
   54   82  136  -86.4250
   54   83  137  -82.2150
   54   84  138  -80.0300
   54   85  139  -75.7500
   54   86  140  -73.1800
   54   87  141  -69.0000
   54   88  142  -66.0500
   55   61  116  -62.6300
   55   62  117  -66.8500
   55   63  118  -68.6700
   55   64  119  -72.5300
   55   65  120  -73.6400
   55   66  121  -77.1500
   55   67  122  -78.0100
   55   68  123  -80.8900
   55   69  124  -81.5300
   55   70  125  -84.0400
   55   72  127  -86.2060
   55   73  128  -85.9350
   55   74  129  -87.5630
   55   75  130  -86.8630
   55   76  131  -88.0660
   55   77  132  -87.1750
   55   78  133  -88.0890
   55   79  134  -86.9090
   55   80  135  -87.6650
   55   81  136  -86.3580
   55   82  137  -86.5600
   55   83  138  -82.7700
   55   84  139  -83.2850
   55   86  141  -75.0000
   55   87  142  -70.9500
   55   88  143  -68.3600
   55   89  144  -63.9300
   55   90  145  -61.7200
   56   63  119  -64.5300
   56   64  120  -69.0500
   56   65  121  -70.5700
   56   66  122  -74.2600
   56   67  123  -75.3900
   56   68  124  -78.7500
   56   69  125  -79.4600
   56   70  126  -82.5600
   56   71  127  -82.7600
   56   72  128  -85.4820
   56   73  129  -85.1160
   56   74  130  -87.3030
   56   75  131  -86.7260
   56   76  132  -88.4530
   56   77  133  -87.5690
   56   78  134  -88.9680
   56   79  135  -87.8700
   56   80  136  -88.9060
   56   81  137  -87.7330
   56   82  138  -88.2730
   56   83  139  -84.9250
   56   85  141  -79.9800
   56   86  142  -77.8200
   56   87  143  -74.0100
   56   88  144  -72.0300
   56   89  145  -67.8200
   56   90  146  -65.5600
   57   70  127  -77.7600
   57   71  128  -76.6800
   57   72  129  -81.1200
   57   73  130  -81.6000
   57   74  131  -83.7700
   57   75  132  -83.7400
   57   76  133  -85.5700
   57   77  134  -85.2680
   57   78  135  -86.6700
   57   79  136  -86.0400
   57   80  137  -87.1300
   57   81  138  -86.5240
   57   82  139  -87.2310
   57   83  140  -84.3200
   57   84  141  -83.0080
   57   85  142  -80.0180
   57   86  143  -78.3100
   57   87  144  -74.9300
   57   88  145  -72.9200
   57   89  146  -69.4600
   57   90  147  -67.5400
   58   73  131  -79.4700
   58   74  132  -82.3400
   58   75  133  -82.1700
   58   76  134  -84.7700
   58   77  135  -84.5500
   58   78  136  -86.5000
   58   79  137  -85.9100
   58   80  138  -87.5650
   58   81  139  -86.9660
   58   82  140  -88.0810
   58   83  141  -85.4380
   58   84  142  -84.5350
   58   85  143  -81.6100
   58   86  144  -80.4310
   58   87  145  -77.1200
   58   88  146  -75.7600
   58   89  147  -72.2400
   58   90  148  -70.7100
   58   91  149  -67.4700
   59   74  133  -77.9700
   59   75  134  -78.4700
   59   76  135  -80.9900
   59   77  136  -81.4000
   59   78  137  -83.2100
   59   79  138  -83.1280
   59   80  139  -84.8540
   59   81  140  -84.6930
   59   82  141  -86.0180
   59   83  142  -83.7900
   59   84  143  -83.0650
   59   85  144  -80.7500
   59   86  145  -79.6250
   59   87  146  -76.8400
   59   88  147  -75.4400
   59   89  148  -72.5100
   59   90  149  -71.3700
   59   91  150  -68.6800
   59   92  151  -67.4400
   60   75  135  -76.2900
   60   76  136  -79.1900
   60   77  137  -79.4100
   60   78  138  -82.0300
   60   79  139  -82.0500
   60   80  140  -84.2200
   60   81  141  -84.2030
   60   82  142  -85.9490
   60   83  143  -84.0000
   60   84  144  -83.7460
   60   85  145  -81.4300
   60   86  146  -80.9230
   60   87  147  -78.1440
   60   88  148  -77.4070
   60   89  149  -74.3740
   60   90  150  -73.6820
   60   91  151  -70.9450
   60   92  152  -70.1460
   60   93  153  -67.3600
   61   76  137  -74.2100
   61   77  138  -75.0300
   61   79  140  -78.1800
   61   80  141  -80.4700
   61   81  142  -81.0600
   61   82  143  -82.9590
   61   83  144  -81.4160
   61   84  145  -81.2700
   61   85  146  -79.4420
   61   86  147  -79.0400
   61   87  148  -76.8700
   61   88  149  -76.0630
   61   89  150  -73.5500
   61   90  151  -73.3860
   61   91  152  -71.2900
   61   92  153  -70.7600
   61   93  154  -68.4500
   61   94  155  -67.1000
   62   77  139  -72.3000
   62   78  140  -75.4800
   62   79  141  -75.9100
   62   80  142  -78.9780
   62   81  143  -79.5110
   62   82  144  -81.9640
   62   83  145  -80.6560
   62   84  146  -80.9840
   62   85  147  -79.2650
   62   86  148  -79.3350
   62   87  149  -77.1350
   62   88  150  -77.0490
   62   89  151  -74.5740
   62   90  152  -74.7610
   62   91  153  -72.5570
   62   92  154  -72.4540
   62   93  155  -70.1960
   62   94  156  -69.3680
   62   95  157  -66.8600
   63   78  141  -69.8800
   63   79  142  -71.4800
   63   80  143  -74.4100
   63   81  144  -75.6360
   63   82  145  -77.9360
   63   83  146  -77.1110
   63   84  147  -77.5350
   63   85  148  -76.2350
   63   86  149  -76.4390
   63   87  150  -74.7560
   63   88  151  -74.6500
   63   89  152  -72.8840
   63   90  153  -73.3630
   63   91  154  -71.7260
   63   92  155  -71.8250
   63   93  156  -70.0830
   63   94  157  -69.4650
   63   95  158  -67.2400
   63   96  159  -65.9300
   63   97  160  -63.5400
   64   79  143  -68.5100
   64   80  144  -71.9400
   64   81  145  -72.9400
   64   82  146  -75.9100
   64   83  147  -75.2070
   64   84  148  -76.2680
   64   85  149  -75.1310
   64   86  150  -75.7650
   64   87  151  -74.1680
   64   88  152  -74.7030
   64   89  153  -73.1190
   64   90  154  -73.7040
   64   91  155  -72.0710
   64   92  156  -72.5360
   64   93  157  -70.8250
   64   94  158  -70.6910
   64   95  159  -68.5620
   64   96  160  -67.9430
   64   97  161  -65.5070
   64   98  162  -64.3600
   65   80  145  -66.2400
   65   81  146  -67.8100
   65   82  147  -70.5100
   65   83  148  -70.6400
   65   84  149  -71.4340
   65   85  150  -71.0980
   65   86  151  -71.6080
   65   87  152  -70.8530
   65   88  153  -71.3290
   65   89  154  -70.2400
   65   90  155  -71.2560
   65   91  156  -70.0980
   65   92  157  -70.7670
   65   93  158  -69.4750
   65   94  159  -69.5360
   65   95  160  -67.8400
   65   96  161  -67.4660
   65   97  162  -65.7600
   65   98  163  -64.6800
   65   99  164  -62.1100
   66   81  147  -64.2100
   66   82  148  -67.7700
   66   83  149  -67.5300
   66   84  150  -69.1400
   66   85  151  -68.6010
   66   86  152  -70.1160
   66   87  153  -69.1550
   66   88  154  -70.3920
   66   89  155  -69.1570
   66   90  156  -70.5270
   66   91  157  -69.4250
   66   92  158  -70.4100
   66   93  159  -69.1710
   66   94  160  -69.6740
   66   95  161  -68.0560
   66   96  162  -68.1810
   66   97  163  -66.3820
   66   98  164  -65.9670
   66   99  165  -63.6110
   66  100  166  -62.5830
   67   82  149  -61.5300
   67   83  150  -62.0400
   67   84  151  -63.4400
   67   85  152  -63.7100
   67   86  153  -64.9540
   67   87  154  -64.6350
   67   88  155  -66.0550
   67   89  156  -65.4300
   67   90  157  -66.8900
   67   91  158  -66.4330
   67   92  159  -67.3180
   67   93  160  -66.3880
   67   94  161  -67.2030
   67   95  162  -66.0470
   67   96  163  -66.3790
   67   97  164  -64.9370
   67   98  165  -64.8960
   67   99  166  -63.0670
   67  100  167  -62.3160
   67  101  168  -60.2700
   67  102  169  -58.7930
   67  103  170  -56.1000
   68   82  150  -57.9400
   68   83  151  -58.2000
   68   84  152  -60.4100
   68   85  153  -60.3100
   68   86  154  -62.4400
   68   87  155  -62.0570
   68   88  156  -63.9300
   68   89  157  -63.0900
   68   90  158  -65.0300
   68   91  159  -64.3900
   68   92  160  -66.0520
   68   93  161  -65.1970
   68   94  162  -66.3350
   68   95  163  -65.1680
   68   96  164  -65.9400
   68   97  165  -64.5180
   68   98  166  -64.9210
   68   99  167  -63.2860
   68  100  168  -62.9850
   68  101  169  -60.9170
   68  102  170  -60.1040
   68  103  171  -57.7140
   68  104  172  -56.4910
   68  105  173  -53.7300
   69   82  151  -50.8000
   69   83  152  -51.8100
   69   84  153  -53.8700
   69   85  154  -54.5300
   69   86  155  -56.4500
   69   87  156  -56.9400
   69   88  157  -58.4900
   69   89  158  -58.4300
   69   90  159  -60.1900
   69   91  160  -60.1300
   69   92  161  -61.6800
   69   93  162  -61.5400
   69   94  163  -62.7700
   69   95  164  -61.9780
   69   96  165  -62.9240
   69   97  166  -61.8740
   69   98  167  -62.5370
   69   99  168  -61.3060
   69  100  169  -61.2690
   69  101  170  -59.7910
   69  102  171  -59.2050
   69  103  172  -57.3800
   69  104  173  -56.2260
   69  105  174  -53.8500
   69  106  175  -52.2900
   69  107  176  -49.5900
   70   83  153  -47.2100
   70   84  154  -50.0500
   70   85  155  -50.4500
   70   86  156  -53.0600
   70   87  157  -53.2700
   70   88  158  -55.5300
   70   89  159  -55.2900
   70   90  160  -57.5500
   70   91  161  -57.4000
   70   92  162  -59.3400
   70   93  163  -59.1700
   70   94  164  -60.8800
   70   95  165  -60.1610
   70   96  166  -61.5820
   70   97  167  -60.5830
   70   98  168  -61.5650
   70   99  169  -60.3610
   70  100  170  -60.7590
   70  101  171  -59.3020
   70  102  172  -59.2500
   70  103  173  -57.5460
   70  104  174  -56.9400
   70  105  175  -54.6910
   70  106  176  -53.4900
   70  107  177  -50.9860
   70  108  178  -49.6600
   71   84  155  -42.6000
   71   85  156  -43.8100
   71   86  157  -46.4700
   71   87  158  -47.2300
   71   88  159  -49.4900
   71   89  160  -49.9300
   71   90  161  -52.0800
   71   91  162  -52.3400
   71   92  163  -54.3700
   71   93  164  -54.5800
   71   94  165  -56.1600
   71   95  166  -56.1000
   71   96  167  -57.4500
   71   97  168  -57.1000
   71   98  169  -57.8810
   71   99  170  -57.3190
   71  100  171  -57.8210
   71  101  172  -56.7260
   71  102  173  -56.8710
   71  103  174  -55.5620
   71  104  175  -55.1590
   71  105  176  -53.3810
   71  106  177  -52.3820
   71  107  178  -50.3000
   71  108  179  -49.1100
   71  109  180  -46.6800
   72   85  157  -38.9600
   72   86  158  -42.2200
   72   87  159  -42.8000
   72   88  160  -45.7500
   72   89  161  -46.1300
   72   90  162  -48.7600
   72   91  163  -48.7700
   72   92  164  -51.2800
   72   93  165  -51.2600
   72   94  166  -53.4800
   72   95  167  -53.1500
   72   96  168  -55.1000
   72   97  169  -54.5300
   72   98  170  -56.1200
   72   99  171  -55.3000
   72  100  172  -56.3300
   72  101  173  -55.2700
   72  103  175  -54.5480
   72  104  176  -54.5670
   72  105  177  -52.8790
   72  106  178  -52.4340
   72  107  179  -50.4620
   72  108  180  -49.7790
   72  109  181  -47.4030
   72  110  182  -45.9900
   72  111  183  -43.2690
   72  112  184  -41.4800
   73   87  160  -35.7800
   73   88  161  -38.8400
   73   89  162  -39.7100
   73   90  163  -42.3700
   73   91  164  -43.0800
   73   92  165  -45.3600
   73   93  166  -46.1000
   73   94  167  -47.9500
   73   95  168  -48.4000
   73   96  169  -50.0300
   73   97  170  -50.1200
   73   98  171  -51.6000
   73   99  172  -51.4100
   73  100  173  -52.3700
   73  102  175  -52.3500
   73  103  176  -51.4700
   73  104  177  -51.7210
   73  105  178  -50.5200
   73  106  179  -50.3470
   73  107  180  -48.9140
   73  108  181  -48.4250
   73  109  182  -46.4170
   73  110  183  -45.2790
   73  111  184  -42.8210
   73  112  185  -41.3600
   73  113  186  -38.6000
   74   88  162  -34.1300
   74   90  164  -38.0400
   74   91  165  -38.6700
   74   92  166  -41.4800
   74   93  167  -41.9500
   74   94  168  -44.5000
   74   95  169  -44.8900
   74   96  170  -46.9200
   74   97  171  -46.9000
   74   98  172  -48.8100
   74   99  173  -48.4700
   74  100  174  -50.0800
   74  101  175  -49.4500
   74  102  176  -50.5700
   74  103  177  -49.7200
   74  104  178  -50.4300
   74  105  179  -49.2830
   74  106  180  -49.6240
   74  107  181  -48.2370
   74  108  182  -48.2280
   74  109  183  -46.3470
   74  110  184  -45.6870
   74  111  185  -43.3700
   74  112  186  -42.4980
   74  113  187  -39.8930
   74  114  188  -38.6570
   74  115  189  -35.4700
   74  116  190  -34.2200
   75   92  167  -34.6500
   75   93  168  -35.7000
   75   94  169  -38.1300
   75   95  170  -38.9200
   75   96  171  -41.1000
   75   97  172  -41.5100
   75   98  173  -43.3700
   75   99  174  -43.5800
   75  100  175  -45.1500
   75  101  176  -44.9700
   75  102  177  -46.1200
   75  103  178  -45.7700
   75  104  179  -46.5900
   75  105  180  -45.8290
   75  106  181  -46.4400
   75  107  182  -45.4300
   75  108  183  -45.7910
   75  109  184  -44.1910
   75  110  185  -43.8020
   75  111  186  -41.9100
   75  112  187  -41.2050
   75  113  188  -39.0060
   75  114  189  -37.9700
   75  115  190  -35.5200
   75  116  191  -34.3430
   76   93  169  -30.5500
   76   94  170  -33.5300
   76   95  171  -34.1600
   76   96  172  -36.8400
   76   97  173  -37.4100
   76   98  174  -39.6200
   76   99  175  -39.7100
   76  100  176  -41.8100
   76  101  177  -41.6200
   76  102  178  -43.3500
   76  103  179  -42.8900
   76  104  180  -44.2200
   76  105  181  -43.4100
   76  106  182  -44.5800
   76  107  183  -43.4900
   76  108  184  -44.2330
   76  109  185  -42.7870
   76  110  186  -42.9870
   76  111  187  -41.2080
   76  112  188  -41.1250
   76  113  189  -38.9780
   76  114  190  -38.6990
   76  115  191  -36.3880
   76  116  192  -35.8750
   76  117  193  -33.3870
   76  118  194  -32.4170
   76  119  195  -29.6900
   77   94  171  -26.1800
   77   95  172  -27.3200
   77   96  173  -29.9100
   77   97  174  -30.8900
   77   98  175  -21.1900
   77   99  176  -33.8400
   77  100  177  -35.8200
   77  101  178  -36.2700
   77  102  179  -37.8900
   77  103  180  -37.9300
   77  104  181  -39.3400
   77  105  182  -38.9800
   77  106  183  -40.0900
   77  107  184  -39.5100
   77  108  185  -40.2900
   77  109  186  -39.1560
   77  110  187  -39.7100
   77  111  188  -38.3230
   77  112  189  -38.4800
   77  113  190  -36.7000
   77  114  191  -36.6980
   77  115  192  -34.8260
   77  116  193  -34.5190
   77  117  194  -32.5140
   77  118  195  -31.6920
   77  119  196  -29.4400
   77  120  197  -28.4300
   77  121  198  -25.5200
   78   95  173  -21.7900
   78   96  174  -24.9300
   78   97  175  -12.6500
   78   98  176  -28.5400
   78   99  177  -29.3500
   78  100  178  -31.6300
   78  101  179  -32.0100
   78  102  180  -34.1200
   78  103  181  -34.0600
   78  104  182  -35.9800
   78  105  183  -35.6300
   78  106  184  -37.2100
   78  107  185  -36.4900
   78  108  186  -37.8300
   78  109  187  -36.8100
   78  110  188  -37.7880
   78  111  189  -36.5700
   78  112  190  -37.3180
   78  113  191  -35.6980
   78  114  192  -36.2830
   78  115  193  -34.4580
   78  116  194  -34.7650
   78  117  195  -32.8020
   78  118  196  -32.6520
   78  119  197  -30.4310
   78  120  198  -29.9210
   78  122  200  -26.6000
   78  123  201  -23.7400
   79   96  175  -17.1600
   79   97  176  -18.4000
   79   99  178  -22.4100
   79  100  179  -24.7500
   79  101  180  -25.6300
   79  102  181  -27.6400
   79  103  182  -28.1800
   79  104  183  -30.0100
   79  105  184  -30.2200
   79  106  185  -31.7300
   79  107  186  -31.6900
   79  108  187  -32.8700
   79  109  188  -32.4900
   79  110  189  -33.4100
   79  111  190  -32.8760
   79  112  191  -33.8700
   79  113  192  -32.7680
   79  114  193  -33.3600
   79  115  194  -32.2560
   79  116  195  -32.5720
   79  117  196  -31.1620
   79  118  197  -31.1500
   79  119  198  -29.5910
   79  120  199  -29.1040
   79  121  200  -27.3000
   79  122  201  -26.4000
   79  123  202  -23.8600
   79  124  203  -22.9800
   79  125  204  -20.2000
   80   98  178  -15.9300
   80   99  179  -16.8000
   80  100  180  -19.8600
   80  101  181  -20.7900
   80  102  182  -23.2100
   80  103  183  -23.6900
   80  104  184  -26.0400
   80  105  185  -26.1400
   80  106  186  -28.3500
   80  107  187  -28.0600
   80  108  188  -29.8800
   80  109  189  -29.2100
   80  110  190  -30.9600
   80  111  191  -30.4800
   80  112  192  -31.9700
   80  113  193  -31.0200
   80  114  194  -32.2060
   80  115  195  -31.0500
   80  116  196  -31.8460
   80  117  197  -30.7350
   80  118  198  -30.9640
   80  119  199  -29.5570
   80  120  200  -29.5140
   80  121  201  -27.6720
   80  122  202  -27.3560
   80  123  203  -25.2770
   80  124  204  -24.7030
   80  125  205  -22.2990
   80  126  206  -20.9550
   81  102  183  -15.8300
   81  103  184  -16.9000
   81  104  185  -19.1100
   81  105  186  -19.8600
   81  106  187  -21.9300
   81  107  188  -22.2900
   81  108  189  -24.0200
   81  109  190  -24.1600
   81  110  191  -25.6700
   81  111  192  -25.5900
   81  112  193  -27.0200
   81  113  194  -26.8100
   81  114  195  -27.8500
   81  115  196  -27.3500
   81  116  197  -28.3300
   81  117  198  -27.5000
   81  118  199  -28.0800
   81  119  200  -27.0600
   81  120  201  -27.1850
   81  121  202  -25.9880
   81  122  203  -25.7690
   81  123  204  -24.3530
   81  124  205  -23.8370
   81  125  206  -22.2690
   81  126  207  -21.0410
   81  127  208  -16.7680
   81  128  209  -13.6500
   81  129  210   -9.2510
   82  103  185  -11.7400
   82  104  186  -14.3300
   82  105  187  -14.9400
   82  106  188  -17.5000
   82  107  189  -17.8600
   82  108  190  -20.2200
   82  109  191  -20.2300
   82  110  192  -22.2900
   82  111  193  -22.0700
   82  112  194  -23.8100
   82  113  195  -23.5500
   82  114  196  -25.1500
   82  115  197  -24.6300
   82  116  198  -25.9000
   82  117  199  -25.2800
   82  118  200  -26.1600
   82  119  201  -25.3270
   82  120  202  -25.9420
   82  121  203  -24.7940
   82  122  204  -25.1170
   82  123  205  -23.7770
   82  124  206  -23.7950
   82  125  207  -22.4630
   82  126  208  -21.7590
   82  127  209  -17.6240
   82  128  210  -14.7380
   82  129  211  -10.4910
   82  130  212   -7.5620
   83  106  189   -9.8700
   83  107  190  -10.8500
   83  108  191  -13.0500
   83  109  192  -13.6700
   83  110  193  -15.5600
   83  111  194  -15.9800
   83  112  195  -17.6800
   83  113  196  -17.7600
   83  114  197  -19.4100
   83  115  198  -19.3000
   83  116  199  -20.6100
   83  117  200  -20.4600
   83  118  201  -21.4100
   83  119  202  -21.0400
   83  120  203  -21.6000
   83  121  204  -20.8200
   83  122  205  -21.0700
   83  123  206  -20.0330
   83  124  207  -20.0580
   83  125  208  -18.8790
   83  126  209  -18.2680
   83  127  210  -14.8010
   83  128  211  -11.8650
   83  129  212   -8.1350
   84  109  193   -8.3100
   84  110  194  -10.8100
   84  111  195  -11.0600
   84  112  196  -13.2100
   84  113  197  -13.2300
   84  114  198  -15.0700
   84  115  199  -15.0500
   84  116  200  -16.7400
   84  117  201  -16.4100
   84  118  202  -17.7800
   84  119  203  -17.3600
   84  120  204  -18.2500
   84  121  205  -17.5760
   84  122  206  -18.1900
   84  123  207  -17.1500
   84  124  208  -17.4750
   84  125  209  -16.3730
   84  126  210  -15.9630
   84  127  211  -12.4440
   84  128  212  -10.3810
   85  111  196   -4.0500
   85  112  197   -6.0300
   85  113  198   -6.6700
   85  114  199   -8.4700
   85  115  200   -8.6700
   85  116  201  -10.5200
   85  117  202  -10.5200
   85  118  203  -11.9700
   85  119  204  -11.9700
   85  120  205  -12.9600
   85  121  206  -12.7300
   85  122  207  -13.3100
   85  123  208  -12.6400
   85  124  209  -12.8880
   85  125  210  -11.9760
   85  126  211  -11.6530
   85  127  212   -8.6250
   86  114  200   -3.7400
   86  115  201   -3.9500
   86  116  202   -5.8800
   86  117  203   -6.0000
   86  118  204   -7.7700
   86  119  205   -7.6000
   86  120  206   -8.9700
   86  121  207   -8.6900
   86  122  208   -9.5600
   86  123  209   -8.9940
   86  124  210   -9.6080
   86  125  211   -8.7610
   86  126  212   -8.6660
   87  115  202    3.1600
   87  116  203    1.2300
   87  117  204    0.8700
   87  118  205   -1.0400
   87  119  206   -1.1800
   87  120  207   -2.6500
   87  121  208   -2.7700
   87  122  209   -3.7600
   87  123  210   -3.6400
   87  124  211   -4.2200
   88  116  204    6.2800
   88  117  205    5.9800
   88  118  206    3.9600
   88  119  207    3.7000
   88  120  208    1.9300
   88  121  209    1.9700
   88  122  210    0.6100
   88  123  211    0.7800
   89  120  209    9.1200
   89  121  210    8.8600
   89  122  211    7.4000
