  94
H
   1      1.008      0.000
He
   2      4.003      0.000
Li
   3      6.939      0.530
Be
   4      9.012      1.803
B
   5     10.811      2.351
C
   6     12.011      2.267
N
   7     14.007      0.001
O
   8     15.999      0.001
F
   9     18.998      0.001
Ne
  10     20.183      0.001
Na
  11     22.990      0.970
Mg
  12     24.312      1.737
Al
  13     26.982      2.699
Si
  14     28.086      2.322
P
  15     30.974      1.822
S
  16     32.064      2.069
Cl
  17     35.453      0.003
Ar
  18     39.948      0.001
K
  19     39.102      0.863
Ca
  20     40.080      1.341
Sc
  21     44.956      2.989
Ti
  22     47.900      4.520
V
  23     50.941      6.102
Cr
  24     51.996      7.193
Mn
  25     54.938      7.435
Fe
  26     55.847      7.867
Co
  27     58.933      8.797
Ni
  28     58.710      8.897
Cu
  29     63.546      8.951
Zn
  30     65.370      7.107
Ga
  31     69.720      5.909
Ge
  32     72.590      5.338
As
  33     74.922      5.720
Se
  34     78.960      4.786
Br
  35     79.909      3.401
Kr
  36     83.800      0.004
Rb
  37     85.468      1.529
Sr
  38     87.620      2.600
Y
  39     88.905      4.491
Zr
  40     91.220      6.471
Nb
  41     92.906      8.604
Mo
  42     95.940     10.210
Tc
  43     98.906     11.500
Ru
  44    101.070     12.180
Rh
  45    102.906     12.400
Pd
  46    106.400     11.960
Ag
  47    107.868     10.470
Cd
  48    112.400      8.582
In
  49    114.820      7.315
Sn
  50    118.690      7.283
Sb
  51    121.750      6.618
Te
  52    127.600      6.225
I
  53    126.904      4.939
Xe
  54    131.300      0.006
Cs
  55    132.906      1.899
Ba
  56    137.340      3.522
La
  57    138.906      6.175
Ce
  58    140.120      6.673
Pr
  59    140.905      6.775
Nd
  60    144.240      7.003
Pm
  61    145.000      7.220
Sm
  62    150.350      7.557
Eu
  63    151.960      5.259
Gd
  64    157.250      7.903
Tb
  65    158.925      8.279
Dy
  66    162.500      8.554
Ho
  67    164.930      8.821
Er
  68    167.260      9.092
Tm
  69    168.934      9.335
Yb
  70    173.040      6.979
Lu
  71    174.970      9.831
Hf
  72    178.490     13.130
Ta
  73    180.948     16.600
W
  74    183.850     19.290
Re
  75    186.200     21.040
Os
  76    190.200     22.570
Ir
  77    192.220     22.510
Pt
  78    195.090     21.440
Au
  79    196.967     19.310
Hg
  80    200.590     13.560
Tl
  81    204.370     11.880
Pb
  82    207.190     11.320
Bi
  83    208.981      9.813
Po
  84    209.000      9.253
At
  85    210.000      0.006
Rn
  86    222.000      0.010
Fr
  87    223.000      5.000
Ra
  88    226.000      5.023
Ac
  89    227.000     10.070
Th
  90    232.038     11.660
Pa
  91    231.000     15.400
U
  92    238.03      19.050
Np
  93    237.048     20.45
Pu
  94    239.1       19.86
