      1.80900     -33.0709      1.06709
      1.85900      31.8059      1.03897
      1.90900      74.2036      1.74148
      1.95900      17.4321      1.03643
      2.00900      17.8354      1.05130
      2.05900     -10.5807      1.00090
      2.10900      148.956      3.16566
      2.15900     -40.7769      1.39301
      2.20900      154.945      3.31899
      2.25900      89.7753      2.22724
      2.30900     -17.2609      1.38218
      2.35900      85.1778      2.17744
      2.40900      28.7523      1.51009
      2.45900     -78.2980      2.06776
      2.50900      200.047      4.23715
      2.55900     -112.268      2.65571
      2.60900      131.900      2.99089
      2.65900      179.317      3.90059
      2.69400      64.1287      5.14001
      2.71400      64.5938      5.17978
      2.73400      29.3187      4.32312
      2.75400      61.0418      5.09751
      2.77400    -0.678510      4.08636
      2.79400      49.5605      4.77796
      2.81400      133.992      7.87409
      2.83400      132.325      7.84726
      2.85400      221.055      11.8712
      2.87400      159.746      9.14282
      2.89400      74.4851      5.84927
      2.91400      67.7519      5.66318
      2.93400      39.0631      4.95456
      2.95400      42.6761      5.03418
      2.97400      41.6629      5.01934
      2.99400      112.235      7.25430
      3.01400      160.973      9.30378
      3.03400      203.211      11.2219
      3.05400      33.9132      5.10706
