      1.80900     -33.0709
      1.85900      31.8059
      1.90900      74.2036
      1.95900      17.4321
      2.00900      17.8354
      2.05900     -10.5807
      2.10900      148.956
      2.15900     -40.7769
      2.20900      154.945
      2.25900      89.7753
      2.30900     -17.2609
      2.35900      85.1778
      2.40900      28.7523
      2.45900     -78.2980
      2.50900      200.047
      2.55900     -112.268
      2.60900      131.900
      2.65900      179.317
      2.69400      64.1287
      2.71400      64.5938
      2.73400      29.3187
      2.75400      61.0418
      2.77400    -0.678510
      2.79400      49.5605
      2.81400      133.992
      2.83400      132.325
      2.85400      221.055
      2.87400      159.746
      2.89400      74.4851
      2.91400      67.7519
      2.93400      39.0631
      2.95400      42.6761
      2.97400      41.6629
      2.99400      112.235
      3.01400      160.973
      3.03400      203.211
      3.05400      33.9132
