      1.85900      31.8165
      1.90900      74.2285
      1.95900      17.4380
      2.00900      12.8416
      2.05900     0.000000
      2.10900      124.008
      2.15900     0.000000
      2.20900      135.000
      2.25900      81.2074
      2.30900     0.000000
      2.35900      76.687
      2.40900      0.7628
      2.45900     0.000000
      2.50900      94.121
      2.55900     0.000000
      2.60900      75.949
      2.65900      179.384
      2.69400      64.1555
      2.71400      64.6208
      2.73400      29.3310
      2.75400      61.0673
      2.77400     0.000000
      2.79400      49.5812
      2.81400      134.048
      2.83400      132.380
      2.85400      221.147
      2.87400      159.813
      2.89400      74.5163
      2.91400      67.7803
      2.93400      39.0794
      2.95400      42.6939
      2.97400      41.6803
      2.99400      112.282
      3.01400      161.041
      3.03400      203.296
      3.05400      33.9274
