    36
 Energy
     0    0  119
  6.000000E+00  5.950000E+00  5.900000E+00  5.850000E+00  5.800000E+00 
 5.750000E+00  5.700000E+00  5.650000E+00  5.600000E+00  5.550000E+00 
 5.500000E+00  5.450000E+00  5.400000E+00  5.350000E+00  5.300000E+00 
 5.250000E+00  5.200000E+00  5.150000E+00  5.100000E+00  5.050000E+00 
 5.000000E+00  4.950000E+00  4.900000E+00  4.850000E+00  4.800000E+00 
 4.750000E+00  4.700000E+00  4.650000E+00  4.600000E+00  4.550000E+00 
 4.500000E+00  4.450000E+00  4.400000E+00  4.350000E+00  4.300000E+00 
 4.250000E+00  4.200000E+00  4.150000E+00  4.100000E+00  4.050000E+00 
 4.000000E+00  3.950000E+00  3.900000E+00  3.850000E+00  3.800000E+00 
 3.750000E+00  3.700000E+00  3.650000E+00  3.600000E+00  3.550000E+00 
 3.500000E+00  3.450000E+00  3.400000E+00  3.350000E+00  3.300000E+00 
 3.250000E+00  3.200000E+00  3.150000E+00  3.100000E+00  3.050000E+00 
 3.000000E+00  2.950000E+00  2.900000E+00  2.850000E+00  2.800000E+00 
 2.750000E+00  2.700000E+00  2.650000E+00  2.600000E+00  2.550000E+00 
 2.500000E+00  2.450000E+00  2.400000E+00  2.350000E+00  2.300000E+00 
 2.250000E+00  2.200000E+00  2.150000E+00  2.100000E+00  2.050000E+00 
 2.000000E+00  1.950000E+00  1.900000E+00  1.850000E+00  1.800000E+00 
 1.750000E+00  1.700000E+00  1.650000E+00  1.600000E+00  1.550000E+00 
 1.500000E+00  1.450000E+00  1.400000E+00  1.350000E+00  1.300000E+00 
 1.250000E+00  1.200000E+00  1.150000E+00  1.100000E+00  1.050000E+00 
 1.000000E+00  9.500000E-01  9.000000E-01  8.500000E-01  8.000000E-01 
 7.500000E-01  7.000000E-01  6.500000E-01  6.000000E-01  5.500000E-01 
 5.000000E-01  4.500000E-01  4.000000E-01  3.500000E-01  3.000000E-01 
 2.500000E-01  2.000000E-01  1.500000E-01  1.000000E-01
 La
    57    3  119
  6.208293E-19  6.249983E-19  6.292196E-19  6.334939E-19  6.378221E-19 
 6.422051E-19  6.466439E-19  6.511393E-19  6.556922E-19  6.603035E-19 
 6.649743E-19  6.697052E-19  6.744975E-19  6.793519E-19  6.842697E-19 
 6.892516E-19  6.942985E-19  6.994117E-19  7.045920E-19  7.098404E-19 
 7.151580E-19  7.205457E-19  7.260046E-19  7.315356E-19  7.371398E-19 
 7.428181E-19  7.485715E-19  7.544011E-19  7.603076E-19  7.662922E-19 
 7.723557E-19  7.784989E-19  7.847229E-19  7.910283E-19  7.974161E-19 
 8.038869E-19  8.104414E-19  8.170803E-19  8.238042E-19  8.306136E-19 
 8.375088E-19  8.444903E-19  8.515583E-19  8.587129E-19  8.659540E-19 
 8.732816E-19  8.806953E-19  8.881946E-19  8.957788E-19  9.034471E-19 
 9.111986E-19  9.190315E-19  9.269443E-19  9.349351E-19  9.430015E-19 
 9.511408E-19  9.593499E-19  9.676250E-19  9.759623E-19  9.843568E-19 
 9.928033E-19  1.001296E-18  1.009827E-18  1.018391E-18  1.026977E-18 
 1.035576E-18  1.044179E-18  1.052772E-18  1.061343E-18  1.069877E-18 
 1.078357E-18  1.086765E-18  1.095080E-18  1.103281E-18  1.111342E-18 
 1.119236E-18  1.126931E-18  1.134394E-18  1.141587E-18  1.148469E-18 
 1.154993E-18  1.161109E-18  1.166759E-18  1.171882E-18  1.176409E-18 
 1.180262E-18  1.183359E-18  1.185606E-18  1.186899E-18  1.187126E-18 
 1.186162E-18  1.183869E-18  1.180096E-18  1.174674E-18  1.167423E-18 
 1.158141E-18  1.146610E-18  1.132592E-18  1.115830E-18  1.096045E-18 
 1.072941E-18  1.046202E-18  1.015499E-18  9.804926E-19  9.408442E-19 
 8.962254E-19  8.463388E-19  7.909437E-19  7.298953E-19  6.631965E-19 
 5.910715E-19  5.140645E-19  4.331705E-19  3.500006E-19  2.669780E-19 
 1.875351E-19  1.162248E-19  5.852227E-20  1.979560E-20
 Ce
    58    3  119
  5.773262E-19  5.811260E-19  5.849716E-19  5.888639E-19  5.928034E-19 
 5.967910E-19  6.008271E-19  6.049127E-19  6.090485E-19  6.132351E-19 
 6.174734E-19  6.217639E-19  6.261074E-19  6.305048E-19  6.349567E-19 
 6.394640E-19  6.440273E-19  6.486473E-19  6.533248E-19  6.580605E-19 
 6.628553E-19  6.677097E-19  6.726246E-19  6.776005E-19  6.826382E-19 
 6.877384E-19  6.929016E-19  6.981286E-19  7.034200E-19  7.087763E-19 
 7.141980E-19  7.196857E-19  7.252399E-19  7.308608E-19  7.365489E-19 
 7.423046E-19  7.481280E-19  7.540195E-19  7.599790E-19  7.660065E-19 
 7.721020E-19  7.782653E-19  7.844960E-19  7.907938E-19  7.971582E-19 
 8.035882E-19  8.100830E-19  8.166416E-19  8.232626E-19  8.299445E-19 
 8.366856E-19  8.434838E-19  8.503367E-19  8.572416E-19  8.641957E-19 
 8.711953E-19  8.782367E-19  8.853156E-19  8.924270E-19  8.995655E-19 
 9.067253E-19  9.138993E-19  9.210804E-19  9.282601E-19  9.354294E-19 
 9.425779E-19  9.496945E-19  9.567668E-19  9.637811E-19  9.707223E-19 
 9.775736E-19  9.843166E-19  9.909311E-19  9.973948E-19  1.003683E-18 
 1.009769E-18  1.015622E-18  1.021211E-18  1.026498E-18  1.031445E-18 
 1.036007E-18  1.040138E-18  1.043783E-18  1.046885E-18  1.049382E-18 
 1.051202E-18  1.052269E-18  1.052500E-18  1.051802E-18  1.050073E-18 
 1.047205E-18  1.043075E-18  1.037552E-18  1.030493E-18  1.021740E-18 
 1.011124E-18  9.984630E-19  9.835585E-19  9.661998E-19  9.461628E-19 
 9.232111E-19  8.970993E-19  8.675758E-19  8.343895E-19  7.972979E-19 
 7.560793E-19  7.105506E-19  6.605906E-19  6.061739E-19  5.474148E-19 
 4.846278E-19  4.184056E-19  3.497189E-19  2.800372E-19  2.114630E-19 
 1.468483E-19  8.982022E-20  4.453627E-20  1.478755E-20
 Pr
    59    3  119
  5.413796E-19  5.448741E-19  5.484092E-19  5.519855E-19  5.556038E-19 
 5.592644E-19  5.629678E-19  5.667148E-19  5.705058E-19  5.743415E-19 
 5.782225E-19  5.821491E-19  5.861222E-19  5.901421E-19  5.942095E-19 
 5.983250E-19  6.024890E-19  6.067022E-19  6.109651E-19  6.152781E-19 
 6.196418E-19  6.240567E-19  6.285234E-19  6.330421E-19  6.376135E-19 
 6.422378E-19  6.469155E-19  6.516470E-19  6.564325E-19  6.612725E-19 
 6.661671E-19  6.711165E-19  6.761209E-19  6.811805E-19  6.862952E-19 
 6.914651E-19  6.966899E-19  7.019696E-19  7.073039E-19  7.126925E-19 
 7.181349E-19  7.236304E-19  7.291784E-19  7.347781E-19  7.404284E-19 
 7.461283E-19  7.518763E-19  7.576709E-19  7.635104E-19  7.693928E-19 
 7.753159E-19  7.812772E-19  7.872737E-19  7.933024E-19  7.993598E-19 
 8.054421E-19  8.115448E-19  8.176631E-19  8.237918E-19  8.299250E-19 
 8.360563E-19  8.421784E-19  8.482836E-19  8.543633E-19  8.604078E-19 
 8.664070E-19  8.723490E-19  8.782217E-19  8.840110E-19  8.897019E-19 
 8.952778E-19  9.007205E-19  9.060102E-19  9.111251E-19  9.160412E-19 
 9.207325E-19  9.251703E-19  9.293235E-19  9.331575E-19  9.366354E-19 
 9.397157E-19  9.423539E-19  9.445011E-19  9.461035E-19  9.471028E-19 
 9.474352E-19  9.470310E-19  9.458142E-19  9.437019E-19  9.406041E-19 
 9.364228E-19  9.310514E-19  9.243746E-19  9.162676E-19  9.065958E-19 
 8.952145E-19  8.819688E-19  8.666939E-19  8.492154E-19  8.293503E-19 
 8.069093E-19  7.816990E-19  7.535259E-19  7.222031E-19  6.875580E-19 
 6.494436E-19  6.077551E-19  5.624507E-19  5.135802E-19  4.613234E-19 
 4.060388E-19  3.483268E-19  2.891064E-19  2.297053E-19  1.719516E-19 
 1.182405E-19  7.151204E-20  3.499584E-20  1.143770E-20
 Nd
    60    3  119
  5.095673E-19  5.127916E-19  5.160520E-19  5.193489E-19  5.226828E-19 
 5.260540E-19  5.294632E-19  5.329106E-19  5.363970E-19  5.399224E-19 
 5.434874E-19  5.470926E-19  5.507382E-19  5.544247E-19  5.581525E-19 
 5.619221E-19  5.657337E-19  5.695878E-19  5.734848E-19  5.774250E-19 
 5.814087E-19  5.854361E-19  5.895077E-19  5.936237E-19  5.977844E-19 
 6.019899E-19  6.062404E-19  6.105360E-19  6.148769E-19  6.192632E-19 
 6.236949E-19  6.281717E-19  6.326939E-19  6.372610E-19  6.418732E-19 
 6.465298E-19  6.512306E-19  6.559751E-19  6.607628E-19  6.655931E-19 
 6.704651E-19  6.753781E-19  6.803308E-19  6.853222E-19  6.903511E-19 
 6.954159E-19  7.005149E-19  7.056462E-19  7.108077E-19  7.159974E-19 
 7.212123E-19  7.264498E-19  7.317066E-19  7.369793E-19  7.422641E-19 
 7.475567E-19  7.528524E-19  7.581462E-19  7.634325E-19  7.687051E-19 
 7.739575E-19  7.791820E-19  7.843708E-19  7.895149E-19  7.946048E-19 
 7.996302E-19  8.045793E-19  8.094398E-19  8.141981E-19  8.188390E-19 
 8.233466E-19  8.277030E-19  8.318889E-19  8.358833E-19  8.396633E-19 
 8.432039E-19  8.464778E-19  8.494554E-19  8.521044E-19  8.543897E-19 
 8.562729E-19  8.577124E-19  8.586630E-19  8.590752E-19  8.588956E-19 
 8.580661E-19  8.565233E-19  8.541990E-19  8.510187E-19  8.469021E-19 
 8.417626E-19  8.355063E-19  8.280326E-19  8.192331E-19  8.089921E-19 
 7.971863E-19  7.836848E-19  7.683500E-19  7.510379E-19  7.315998E-19 
 7.098843E-19  6.857399E-19  6.590196E-19  6.295862E-19  5.973209E-19 
 5.621329E-19  5.239746E-19  4.828599E-19  4.388890E-19  3.922805E-19 
 3.434115E-19  2.928684E-19  2.415058E-19  1.905132E-19  1.414765E-19 
 9.641134E-20  5.771279E-20  2.790730E-20  8.991051E-21
 Pm
    61    3  119
  4.892766E-19  4.923286E-19  4.954138E-19  4.985325E-19  5.016852E-19 
 5.048722E-19  5.080938E-19  5.113505E-19  5.146427E-19  5.179705E-19 
 5.213345E-19  5.247349E-19  5.281721E-19  5.316465E-19  5.351583E-19 
 5.387078E-19  5.422953E-19  5.459212E-19  5.495856E-19  5.532889E-19 
 5.570311E-19  5.608125E-19  5.646335E-19  5.684939E-19  5.723940E-19 
 5.763339E-19  5.803136E-19  5.843330E-19  5.883923E-19  5.924913E-19 
 5.966299E-19  6.008079E-19  6.050250E-19  6.092810E-19  6.135756E-19 
 6.179082E-19  6.222782E-19  6.266852E-19  6.311284E-19  6.356069E-19 
 6.401198E-19  6.446661E-19  6.492445E-19  6.538538E-19  6.584924E-19 
 6.631587E-19  6.678507E-19  6.725664E-19  6.773037E-19  6.820599E-19 
 6.868324E-19  6.916180E-19  6.964134E-19  7.012150E-19  7.060189E-19 
 7.108204E-19  7.156150E-19  7.203973E-19  7.251617E-19  7.299018E-19 
 7.346109E-19  7.392815E-19  7.439054E-19  7.484741E-19  7.529777E-19 
 7.574058E-19  7.617470E-19  7.659890E-19  7.701184E-19  7.741204E-19 
 7.779792E-19  7.816775E-19  7.851963E-19  7.885155E-19  7.916126E-19 
 7.944636E-19  7.970422E-19  7.993201E-19  8.012663E-19  8.028473E-19 
 8.040266E-19  8.047649E-19  8.050194E-19  8.047435E-19  8.038871E-19 
 8.023956E-19  8.002103E-19  7.972676E-19  7.934988E-19  7.888298E-19 
 7.831810E-19  7.764669E-19  7.685958E-19  7.594700E-19  7.489853E-19 
 7.370315E-19  7.234927E-19  7.082474E-19  6.911702E-19  6.721328E-19 
 6.510060E-19  6.276632E-19  6.019838E-19  5.738594E-19  5.432011E-19 
 5.099490E-19  4.740865E-19  4.356559E-19  3.947822E-19  3.516999E-19 
 3.067895E-19  2.606191E-19  2.139956E-19  1.680164E-19  1.241159E-19 
 8.408229E-20  4.999499E-20  2.398756E-20  7.656353E-21
 Sm
    62    3  119
  4.493428E-19  4.520562E-19  4.547972E-19  4.575659E-19  4.603627E-19 
 4.631877E-19  4.660413E-19  4.689235E-19  4.718346E-19  4.747749E-19 
 4.777445E-19  4.807435E-19  4.837723E-19  4.868309E-19  4.899195E-19 
 4.930382E-19  4.961870E-19  4.993662E-19  5.025758E-19  5.058157E-19 
 5.090862E-19  5.123870E-19  5.157182E-19  5.190797E-19  5.224715E-19 
 5.258934E-19  5.293451E-19  5.328265E-19  5.363373E-19  5.398773E-19 
 5.434459E-19  5.470428E-19  5.506676E-19  5.543194E-19  5.579979E-19 
 5.617022E-19  5.654315E-19  5.691850E-19  5.729616E-19  5.767602E-19 
 5.805795E-19  5.844183E-19  5.882751E-19  5.921480E-19  5.960355E-19 
 5.999355E-19  6.038460E-19  6.077644E-19  6.116882E-19  6.156148E-19 
 6.195411E-19  6.234636E-19  6.273789E-19  6.312830E-19  6.351718E-19 
 6.390406E-19  6.428844E-19  6.466979E-19  6.504751E-19  6.542099E-19 
 6.578952E-19  6.615236E-19  6.650872E-19  6.685772E-19  6.719843E-19 
 6.752982E-19  6.785078E-19  6.816015E-19  6.845662E-19  6.873880E-19 
 6.900520E-19  6.925419E-19  6.948400E-19  6.969276E-19  6.987841E-19 
 7.003874E-19  7.017135E-19  7.027368E-19  7.034293E-19  7.037612E-19 
 7.037000E-19  7.032110E-19  7.022563E-19  7.007957E-19  6.987856E-19 
 6.961792E-19  6.929263E-19  6.889732E-19  6.842619E-19  6.787312E-19 
 6.723151E-19  6.649440E-19  6.565437E-19  6.470362E-19  6.363393E-19 
 6.243674E-19  6.110318E-19  5.962413E-19  5.799037E-19  5.619271E-19 
 5.422224E-19  5.207056E-19  4.973025E-19  4.719528E-19  4.446173E-19 
 4.152863E-19  3.839905E-19  3.508147E-19  3.159156E-19  2.795425E-19 
 2.420641E-19  2.039981E-19  1.660441E-19  1.291160E-19  9.436300E-20 
 6.316257E-20  3.704740E-20  1.749734E-20  5.480510E-21
 Eu
    63    3  119
  4.235734E-19  4.260691E-19  4.285886E-19  4.311323E-19  4.337003E-19 
 4.362926E-19  4.389096E-19  4.415513E-19  4.442179E-19  4.469093E-19 
 4.496259E-19  4.523675E-19  4.551344E-19  4.579266E-19  4.607441E-19 
 4.635869E-19  4.664550E-19  4.693484E-19  4.722671E-19  4.752111E-19 
 4.781801E-19  4.811741E-19  4.841929E-19  4.872363E-19  4.903041E-19 
 4.933961E-19  4.965118E-19  4.996510E-19  5.028132E-19  5.059980E-19 
 5.092049E-19  5.124332E-19  5.156825E-19  5.189518E-19  5.222405E-19 
 5.255477E-19  5.288722E-19  5.322133E-19  5.355697E-19  5.389401E-19 
 5.423231E-19  5.457172E-19  5.491207E-19  5.525321E-19  5.559491E-19 
 5.593697E-19  5.627918E-19  5.662126E-19  5.696296E-19  5.730399E-19 
 5.764402E-19  5.798273E-19  5.831974E-19  5.865464E-19  5.898702E-19 
 5.931640E-19  5.964230E-19  5.996416E-19  6.028139E-19  6.059338E-19 
 6.089945E-19  6.119885E-19  6.149082E-19  6.177448E-19  6.204894E-19 
 6.231320E-19  6.256619E-19  6.280678E-19  6.303374E-19  6.324573E-19 
 6.344134E-19  6.361901E-19  6.377709E-19  6.391381E-19  6.402724E-19 
 6.411532E-19  6.417584E-19  6.420640E-19  6.420445E-19  6.416723E-19 
 6.409178E-19  6.397494E-19  6.381330E-19  6.360321E-19  6.334077E-19 
 6.302181E-19  6.264186E-19  6.219618E-19  6.167969E-19  6.108705E-19 
 6.041253E-19  5.965016E-19  5.879361E-19  5.783627E-19  5.677127E-19 
 5.559150E-19  5.428970E-19  5.285856E-19  5.129075E-19  4.957919E-19 
 4.771719E-19  4.569875E-19  4.351892E-19  4.117424E-19  3.866337E-19 
 3.598780E-19  3.315281E-19  3.016867E-19  2.705203E-19  2.382775E-19 
 2.053090E-19  1.720909E-19  1.392488E-19  1.075793E-19  7.805957E-20 
 5.183126E-20  3.012572E-20  1.407989E-20  4.355222E-21
 Gd
    64    3  119
  3.984142E-19  4.006979E-19  4.030021E-19  4.053270E-19  4.076726E-19 
 4.100389E-19  4.124262E-19  4.148343E-19  4.172634E-19  4.197135E-19 
 4.221845E-19  4.246766E-19  4.271897E-19  4.297237E-19  4.322786E-19 
 4.348543E-19  4.374507E-19  4.400678E-19  4.427053E-19  4.453631E-19 
 4.480409E-19  4.507387E-19  4.534560E-19  4.561925E-19  4.589481E-19 
 4.617222E-19  4.645144E-19  4.673243E-19  4.701512E-19  4.729948E-19 
 4.758543E-19  4.787289E-19  4.816181E-19  4.845207E-19  4.874361E-19 
 4.903632E-19  4.933008E-19  4.962479E-19  4.992031E-19  5.021651E-19 
 5.051323E-19  5.081031E-19  5.110758E-19  5.140484E-19  5.170189E-19 
 5.199851E-19  5.229446E-19  5.258948E-19  5.288330E-19  5.317561E-19 
 5.346609E-19  5.375439E-19  5.404016E-19  5.432298E-19  5.460242E-19 
 5.487802E-19  5.514928E-19  5.541568E-19  5.567662E-19  5.593150E-19 
 5.617965E-19  5.642036E-19  5.665287E-19  5.687636E-19  5.708994E-19 
 5.729266E-19  5.748353E-19  5.766144E-19  5.782523E-19  5.797364E-19 
 5.810533E-19  5.821886E-19  5.831268E-19  5.838513E-19  5.843444E-19 
 5.845870E-19  5.845588E-19  5.842377E-19  5.836006E-19  5.826224E-19 
 5.812764E-19  5.795340E-19  5.773648E-19  5.747362E-19  5.716136E-19 
 5.679601E-19  5.637368E-19  5.589021E-19  5.534122E-19  5.472209E-19 
 5.402796E-19  5.325373E-19  5.239411E-19  5.144359E-19  5.039652E-19 
 4.924714E-19  4.798964E-19  4.661827E-19  4.512741E-19  4.351181E-19 
 4.176669E-19  3.988808E-19  3.787309E-19  3.572036E-19  3.343056E-19 
 3.100707E-19  2.845671E-19  2.579083E-19  2.302642E-19  2.018752E-19 
 1.730684E-19  1.442747E-19  1.160460E-19  8.906767E-20  6.416088E-20 
 4.225954E-20  2.433927E-20  1.125679E-20  3.438642E-21
 Tb
    65    3  119
  3.747727E-19  3.768583E-19  3.789613E-19  3.810817E-19  3.832196E-19 
 3.853749E-19  3.875477E-19  3.897380E-19  3.919456E-19  3.941706E-19 
 3.964129E-19  3.986725E-19  4.009492E-19  4.032428E-19  4.055535E-19 
 4.078808E-19  4.102247E-19  4.125849E-19  4.149613E-19  4.173536E-19 
 4.197614E-19  4.221845E-19  4.246224E-19  4.270748E-19  4.295414E-19 
 4.320215E-19  4.345147E-19  4.370203E-19  4.395378E-19  4.420666E-19 
 4.446058E-19  4.471547E-19  4.497123E-19  4.522778E-19  4.548502E-19 
 4.574283E-19  4.600110E-19  4.625970E-19  4.651849E-19  4.677733E-19 
 4.703604E-19  4.729448E-19  4.755245E-19  4.780975E-19  4.806617E-19 
 4.832149E-19  4.857545E-19  4.882780E-19  4.907825E-19  4.932651E-19 
 4.957224E-19  4.981511E-19  5.005475E-19  5.029074E-19  5.052268E-19 
 5.075010E-19  5.097251E-19  5.118939E-19  5.140020E-19  5.160431E-19 
 5.180108E-19  5.198985E-19  5.216987E-19  5.234035E-19  5.250047E-19 
 5.264931E-19  5.278591E-19  5.290925E-19  5.301823E-19  5.311169E-19 
 5.318834E-19  5.324687E-19  5.328583E-19  5.330370E-19  5.329883E-19 
 5.326949E-19  5.321381E-19  5.312981E-19  5.301535E-19  5.286820E-19 
 5.268597E-19  5.246608E-19  5.220582E-19  5.190234E-19  5.155257E-19 
 5.115329E-19  5.070111E-19  5.019242E-19  4.962347E-19  4.899031E-19 
 4.828882E-19  4.751475E-19  4.666366E-19  4.573106E-19  4.471234E-19 
 4.360290E-19  4.239817E-19  4.109374E-19  3.968543E-19  3.816947E-19 
 3.654267E-19  3.480267E-19  3.294821E-19  3.097952E-19  2.889877E-19 
 2.671061E-19  2.442287E-19  2.204734E-19  1.960078E-19  1.710597E-19 
 1.459297E-19  1.210036E-19  9.676394E-20  7.379686E-20  5.278819E-20 
 3.449811E-20  1.969490E-20  9.017266E-21  2.721505E-21
 Dy
    66    3  119
  3.540275E-19  3.559404E-19  3.578680E-19  3.598102E-19  3.617672E-19 
 3.637387E-19  3.657249E-19  3.677254E-19  3.697405E-19  3.717698E-19 
 3.738133E-19  3.758708E-19  3.779423E-19  3.800274E-19  3.821261E-19 
 3.842381E-19  3.863631E-19  3.885009E-19  3.906512E-19  3.928136E-19 
 3.949879E-19  3.971735E-19  3.993702E-19  4.015773E-19  4.037945E-19 
 4.060211E-19  4.082566E-19  4.105003E-19  4.127516E-19  4.150096E-19 
 4.172736E-19  4.195427E-19  4.218161E-19  4.240926E-19  4.263711E-19 
 4.286506E-19  4.309298E-19  4.332074E-19  4.354818E-19  4.377516E-19 
 4.400152E-19  4.422708E-19  4.445164E-19  4.467502E-19  4.489699E-19 
 4.511732E-19  4.533577E-19  4.555207E-19  4.576594E-19  4.597709E-19 
 4.618519E-19  4.638989E-19  4.659083E-19  4.678764E-19  4.697986E-19 
 4.716708E-19  4.734881E-19  4.752455E-19  4.769375E-19  4.785584E-19 
 4.801019E-19  4.815616E-19  4.829304E-19  4.842008E-19  4.853649E-19 
 4.864140E-19  4.873394E-19  4.881310E-19  4.887787E-19  4.892716E-19 
 4.895979E-19  4.897451E-19  4.896999E-19  4.894482E-19  4.889752E-19 
 4.882645E-19  4.872993E-19  4.860616E-19  4.845321E-19  4.826905E-19 
 4.805152E-19  4.779834E-19  4.750710E-19  4.717523E-19  4.680005E-19 
 4.637874E-19  4.590832E-19  4.538568E-19  4.480757E-19  4.417063E-19 
 4.347134E-19  4.270614E-19  4.187134E-19  4.096321E-19  3.997804E-19 
 3.891213E-19  3.776193E-19  3.652405E-19  3.519542E-19  3.377344E-19 
 3.225610E-19  3.064224E-19  2.893177E-19  2.712606E-19  2.522824E-19 
 2.324378E-19  2.118099E-19  1.905170E-19  1.687208E-19  1.466348E-19 
 1.245338E-19  1.027628E-19  8.174506E-20  6.198433E-20  4.405788E-20 
 2.859038E-20  1.619338E-20  7.347160E-21  2.193541E-21
 Ho
    67    3  119
  3.339908E-19  3.357380E-19  3.374974E-19  3.392690E-19  3.410527E-19 
 3.428483E-19  3.446558E-19  3.464750E-19  3.483059E-19  3.501482E-19 
 3.520017E-19  3.538664E-19  3.557419E-19  3.576281E-19  3.595247E-19 
 3.614315E-19  3.633480E-19  3.652740E-19  3.672092E-19  3.691531E-19 
 3.711053E-19  3.730655E-19  3.750330E-19  3.770075E-19  3.789882E-19 
 3.809747E-19  3.829662E-19  3.849621E-19  3.869616E-19  3.889639E-19 
 3.909682E-19  3.929734E-19  3.949787E-19  3.969830E-19  3.989852E-19 
 4.009840E-19  4.029781E-19  4.049662E-19  4.069468E-19  4.089184E-19 
 4.108793E-19  4.128276E-19  4.147615E-19  4.166790E-19  4.185778E-19 
 4.204559E-19  4.223105E-19  4.241391E-19  4.259390E-19  4.277072E-19 
 4.294406E-19  4.311357E-19  4.327889E-19  4.343966E-19  4.359546E-19 
 4.374587E-19  4.389043E-19  4.402863E-19  4.415997E-19  4.428390E-19 
 4.439982E-19  4.450712E-19  4.460512E-19  4.469312E-19  4.477037E-19 
 4.483606E-19  4.488936E-19  4.492934E-19  4.495507E-19  4.496551E-19 
 4.495958E-19  4.493614E-19  4.489396E-19  4.483175E-19  4.474814E-19 
 4.464167E-19  4.451081E-19  4.435392E-19  4.416927E-19  4.395506E-19 
 4.370935E-19  4.343012E-19  4.311523E-19  4.276244E-19  4.236941E-19 
 4.193368E-19  4.145267E-19  4.092372E-19  4.034406E-19  3.971085E-19 
 3.902115E-19  3.827199E-19  3.746035E-19  3.658323E-19  3.563766E-19 
 3.462077E-19  3.352985E-19  3.236243E-19  3.111637E-19  2.979005E-19 
 2.838243E-19  2.689331E-19  2.532353E-19  2.367529E-19  2.195243E-19 
 2.016091E-19  1.830920E-19  1.640890E-19  1.447533E-19  1.252821E-19 
 1.059238E-19  8.698425E-20  6.883100E-20  5.189351E-20  3.665358E-20 
 2.361987E-20  1.327368E-20  5.968729E-21  1.762995E-21
 Er
    68    3  119
  3.151399E-19  3.167327E-19  3.183355E-19  3.199480E-19  3.215703E-19 
 3.232022E-19  3.248434E-19  3.264940E-19  3.281536E-19  3.298221E-19 
 3.314992E-19  3.331848E-19  3.348786E-19  3.365802E-19  3.382894E-19 
 3.400060E-19  3.417295E-19  3.434595E-19  3.451957E-19  3.469376E-19 
 3.486848E-19  3.504367E-19  3.521930E-19  3.539529E-19  3.557158E-19 
 3.574811E-19  3.592482E-19  3.610163E-19  3.627845E-19  3.645521E-19 
 3.663181E-19  3.680816E-19  3.698415E-19  3.715968E-19  3.733464E-19 
 3.750888E-19  3.768230E-19  3.785474E-19  3.802606E-19  3.819610E-19 
 3.836469E-19  3.853165E-19  3.869680E-19  3.885992E-19  3.902082E-19 
 3.917925E-19  3.933498E-19  3.948775E-19  3.963730E-19  3.978331E-19 
 3.992551E-19  4.006354E-19  4.019707E-19  4.032574E-19  4.044915E-19 
 4.056688E-19  4.067850E-19  4.078354E-19  4.088151E-19  4.097188E-19 
 4.105409E-19  4.112755E-19  4.119165E-19  4.124570E-19  4.128901E-19 
 4.132084E-19  4.134039E-19  4.134681E-19  4.133924E-19  4.131671E-19 
 4.127824E-19  4.122278E-19  4.114921E-19  4.105634E-19  4.094294E-19 
 4.080769E-19  4.064921E-19  4.046602E-19  4.025659E-19  4.001930E-19 
 3.975243E-19  3.945422E-19  3.912278E-19  3.875615E-19  3.835229E-19 
 3.790909E-19  3.742434E-19  3.689577E-19  3.632104E-19  3.569777E-19 
 3.502352E-19  3.429586E-19  3.351234E-19  3.267058E-19  3.176826E-19 
 3.080318E-19  2.977337E-19  2.867711E-19  2.751302E-19  2.628025E-19 
 2.497855E-19  2.360843E-19  2.217145E-19  2.067037E-19  1.910949E-19 
 1.749498E-19  1.583525E-19  1.414146E-19  1.242791E-19  1.071265E-19 
 9.017954E-20  7.370751E-20  5.802842E-20  4.350666E-20  3.054294E-20 
 1.954978E-20  1.090375E-20  4.860955E-21  1.421025E-21
 Tm
    69    3  119
  2.976538E-19  2.991048E-19  3.005638E-19  3.020304E-19  3.035047E-19 
 3.049865E-19  3.064754E-19  3.079715E-19  3.094743E-19  3.109838E-19 
 3.124996E-19  3.140215E-19  3.155492E-19  3.170824E-19  3.186207E-19 
 3.201639E-19  3.217114E-19  3.232629E-19  3.248180E-19  3.263761E-19 
 3.279369E-19  3.294997E-19  3.310640E-19  3.326293E-19  3.341947E-19 
 3.357598E-19  3.373237E-19  3.388856E-19  3.404448E-19  3.420005E-19 
 3.435515E-19  3.450970E-19  3.466360E-19  3.481673E-19  3.496897E-19 
 3.512020E-19  3.527029E-19  3.541911E-19  3.556648E-19  3.571227E-19 
 3.585631E-19  3.599841E-19  3.613839E-19  3.627605E-19  3.641118E-19 
 3.654356E-19  3.667295E-19  3.679910E-19  3.692174E-19  3.704061E-19 
 3.715538E-19  3.726576E-19  3.737141E-19  3.747197E-19  3.756708E-19 
 3.765633E-19  3.773932E-19  3.781558E-19  3.788467E-19  3.794607E-19 
 3.799927E-19  3.804370E-19  3.807879E-19  3.810391E-19  3.811841E-19 
 3.812158E-19  3.811271E-19  3.809100E-19  3.805565E-19  3.800579E-19 
 3.794049E-19  3.785882E-19  3.775974E-19  3.764219E-19  3.750505E-19 
 3.734712E-19  3.716717E-19  3.696387E-19  3.673588E-19  3.648173E-19 
 3.619993E-19  3.588892E-19  3.554704E-19  3.517260E-19  3.476384E-19 
 3.431894E-19  3.383600E-19  3.331312E-19  3.274833E-19  3.213963E-19 
 3.148504E-19  3.078258E-19  3.003029E-19  2.922630E-19  2.836884E-19 
 2.745628E-19  2.648724E-19  2.546059E-19  2.437559E-19  2.323197E-19 
 2.203007E-19  2.077097E-19  1.945670E-19  1.809039E-19  1.667659E-19 
 1.522149E-19  1.373330E-19  1.222254E-19  1.070247E-19  9.189502E-20 
 7.703499E-20  6.268100E-20  4.910749E-20  3.662342E-20  2.556176E-20 
 1.625680E-20  9.002333E-21  3.980597E-21  1.152283E-21
 Yb
    70    3  119
  2.810807E-19  2.823988E-19  2.837231E-19  2.850532E-19  2.863891E-19 
 2.877304E-19  2.890770E-19  2.904287E-19  2.917852E-19  2.931463E-19 
 2.945116E-19  2.958810E-19  2.972539E-19  2.986302E-19  3.000094E-19 
 3.013912E-19  3.027752E-19  3.041609E-19  3.055477E-19  3.069354E-19 
 3.083233E-19  3.097109E-19  3.110976E-19  3.124827E-19  3.138656E-19 
 3.152456E-19  3.166219E-19  3.179938E-19  3.193604E-19  3.207209E-19 
 3.220742E-19  3.234195E-19  3.247555E-19  3.260813E-19  3.273957E-19 
 3.286973E-19  3.299850E-19  3.312572E-19  3.325126E-19  3.337495E-19 
 3.349664E-19  3.361614E-19  3.373329E-19  3.384786E-19  3.395968E-19 
 3.406851E-19  3.417413E-19  3.427629E-19  3.437475E-19  3.446922E-19 
 3.455943E-19  3.464507E-19  3.472583E-19  3.480135E-19  3.487130E-19 
 3.493530E-19  3.499295E-19  3.504382E-19  3.508749E-19  3.512348E-19 
 3.515130E-19  3.517043E-19  3.518033E-19  3.518041E-19  3.517007E-19 
 3.514867E-19  3.511553E-19  3.506993E-19  3.501113E-19  3.493833E-19 
 3.485071E-19  3.474739E-19  3.462745E-19  3.448992E-19  3.433380E-19 
 3.415801E-19  3.396147E-19  3.374298E-19  3.350135E-19  3.323530E-19 
 3.294352E-19  3.262463E-19  3.227722E-19  3.189980E-19  3.149088E-19 
 3.104890E-19  3.057226E-19  3.005936E-19  2.950856E-19  2.891824E-19 
 2.828677E-19  2.761258E-19  2.689413E-19  2.612999E-19  2.531885E-19 
 2.445957E-19  2.355124E-19  2.259324E-19  2.158531E-19  2.052767E-19 
 1.942109E-19  1.826707E-19  1.706795E-19  1.582711E-19  1.454917E-19 
 1.324022E-19  1.190809E-19  1.056264E-19  9.216039E-20  7.883061E-20 
 6.581343E-20  5.331517E-20  4.157156E-20  3.084343E-20  2.140619E-20 
 1.352935E-20  7.440066E-21  3.263824E-21  9.358089E-22
 Lu
    71    3  119
  2.656460E-19  2.668421E-19  2.680426E-19  2.692472E-19  2.704560E-19 
 2.716686E-19  2.728846E-19  2.741040E-19  2.753264E-19  2.765516E-19 
 2.777792E-19  2.790090E-19  2.802405E-19  2.814735E-19  2.827075E-19 
 2.839420E-19  2.851769E-19  2.864114E-19  2.876452E-19  2.888777E-19 
 2.901084E-19  2.913368E-19  2.925621E-19  2.937838E-19  2.950012E-19 
 2.962137E-19  2.974203E-19  2.986203E-19  2.998129E-19  3.009971E-19 
 3.021722E-19  3.033369E-19  3.044904E-19  3.056314E-19  3.067589E-19 
 3.078716E-19  3.089681E-19  3.100472E-19  3.111073E-19  3.121469E-19 
 3.131645E-19  3.141584E-19  3.151267E-19  3.160675E-19  3.169789E-19 
 3.178588E-19  3.187049E-19  3.195149E-19  3.202864E-19  3.210169E-19 
 3.217034E-19  3.223432E-19  3.229332E-19  3.234703E-19  3.239511E-19 
 3.243720E-19  3.247293E-19  3.250190E-19  3.252371E-19  3.253792E-19 
 3.254406E-19  3.254165E-19  3.253019E-19  3.250914E-19  3.247794E-19 
 3.243599E-19  3.238267E-19  3.231734E-19  3.223930E-19  3.214784E-19 
 3.204220E-19  3.192159E-19  3.178518E-19  3.163210E-19  3.146144E-19 
 3.127226E-19  3.106358E-19  3.083435E-19  3.058350E-19  3.030993E-19 
 3.001249E-19  2.968998E-19  2.934116E-19  2.896479E-19  2.855956E-19 
 2.812417E-19  2.765728E-19  2.715755E-19  2.662362E-19  2.605419E-19 
 2.544795E-19  2.480365E-19  2.412013E-19  2.339632E-19  2.263128E-19 
 2.182428E-19  2.097479E-19  2.008258E-19  1.914777E-19  1.817095E-19 
 1.715323E-19  1.609636E-19  1.500289E-19  1.387631E-19  1.272120E-19 
 1.154345E-19  1.035047E-19  9.151377E-20  7.957273E-20  6.781417E-20 
 5.639401E-20  4.549195E-20  3.531017E-20  2.606858E-20  1.799486E-20 
 1.130587E-20  6.176266E-21  2.689037E-21  7.639946E-22
 Hf
    72    3  119
  2.485787E-19  2.496418E-19  2.507077E-19  2.517760E-19  2.528466E-19 
 2.539192E-19  2.549936E-19  2.560694E-19  2.571465E-19  2.582244E-19 
 2.593029E-19  2.603816E-19  2.614601E-19  2.625382E-19  2.636153E-19 
 2.646910E-19  2.657650E-19  2.668366E-19  2.679055E-19  2.689711E-19 
 2.700328E-19  2.710901E-19  2.721423E-19  2.731888E-19  2.742289E-19 
 2.752618E-19  2.762869E-19  2.773033E-19  2.783101E-19  2.793066E-19 
 2.802917E-19  2.812645E-19  2.822239E-19  2.831688E-19  2.840982E-19 
 2.850107E-19  2.859052E-19  2.867802E-19  2.876345E-19  2.884664E-19 
 2.892745E-19  2.900571E-19  2.908124E-19  2.915388E-19  2.922343E-19 
 2.928968E-19  2.935243E-19  2.941146E-19  2.946653E-19  2.951741E-19 
 2.956382E-19  2.960551E-19  2.964219E-19  2.967355E-19  2.969929E-19 
 2.971908E-19  2.973257E-19  2.973940E-19  2.973918E-19  2.973152E-19 
 2.971599E-19  2.969215E-19  2.965955E-19  2.961768E-19  2.956605E-19 
 2.950412E-19  2.943132E-19  2.934708E-19  2.925079E-19  2.914179E-19 
 2.901942E-19  2.888299E-19  2.873175E-19  2.856495E-19  2.838180E-19 
 2.818147E-19  2.796311E-19  2.772583E-19  2.746872E-19  2.719082E-19 
 2.689116E-19  2.656873E-19  2.622252E-19  2.585149E-19  2.545455E-19 
 2.503065E-19  2.457872E-19  2.409769E-19  2.358650E-19  2.304414E-19 
 2.246964E-19  2.186208E-19  2.122065E-19  2.054463E-19  1.983346E-19 
 1.908676E-19  1.830438E-19  1.748645E-19  1.663343E-19  1.574622E-19 
 1.482617E-19  1.387527E-19  1.289618E-19  1.189238E-19  1.086832E-19 
 9.829554E-20  8.782921E-20  7.736685E-20  6.700708E-20  5.686591E-20 
 4.707745E-20  3.779375E-20  2.918283E-20  2.142394E-20  1.469822E-20 
 9.172549E-21  4.973373E-21  2.146869E-21  6.036484E-22
 Ta
    73    3  119
  2.329657E-19  2.339095E-19  2.348545E-19  2.358005E-19  2.367473E-19 
 2.376946E-19  2.386421E-19  2.395896E-19  2.405366E-19  2.414830E-19 
 2.424284E-19  2.433723E-19  2.443145E-19  2.452546E-19  2.461921E-19 
 2.471266E-19  2.480576E-19  2.489846E-19  2.499072E-19  2.508249E-19 
 2.517370E-19  2.526429E-19  2.535421E-19  2.544339E-19  2.553176E-19 
 2.561925E-19  2.570578E-19  2.579128E-19  2.587566E-19  2.595883E-19 
 2.604071E-19  2.612119E-19  2.620017E-19  2.627756E-19  2.635323E-19 
 2.642707E-19  2.649896E-19  2.656877E-19  2.663636E-19  2.670159E-19 
 2.676431E-19  2.682437E-19  2.688160E-19  2.693583E-19  2.698688E-19 
 2.703456E-19  2.707866E-19  2.711899E-19  2.715533E-19  2.718743E-19 
 2.721507E-19  2.723798E-19  2.725592E-19  2.726859E-19  2.727570E-19 
 2.727696E-19  2.727204E-19  2.726061E-19  2.724232E-19  2.721680E-19 
 2.718366E-19  2.714251E-19  2.709293E-19  2.703446E-19  2.696667E-19 
 2.688905E-19  2.680112E-19  2.670235E-19  2.659219E-19  2.647007E-19 
 2.633541E-19  2.618758E-19  2.602594E-19  2.584984E-19  2.565857E-19 
 2.545143E-19  2.522767E-19  2.498655E-19  2.472727E-19  2.444903E-19 
 2.415101E-19  2.383238E-19  2.349228E-19  2.312985E-19  2.274422E-19 
 2.233455E-19  2.189996E-19  2.143963E-19  2.095275E-19  2.043855E-19 
 1.989631E-19  1.932541E-19  1.872529E-19  1.809554E-19  1.743586E-19 
 1.674616E-19  1.602657E-19  1.527748E-19  1.449958E-19  1.369397E-19 
 1.286218E-19  1.200629E-19  1.112897E-19  1.023363E-19  9.324501E-20 
 8.406757E-20  7.486651E-20  6.571611E-20  5.670372E-20  4.793045E-20 
 3.951151E-20  3.157539E-20  2.426182E-20  1.771693E-20  1.208490E-20 
 7.493995E-21  4.034708E-21  1.727726E-21  4.810470E-22
 W 
    74    3  119
  2.185485E-19  2.193842E-19  2.202200E-19  2.210555E-19  2.218905E-19 
 2.227246E-19  2.235577E-19  2.243894E-19  2.252194E-19  2.260474E-19 
 2.268730E-19  2.276959E-19  2.285156E-19  2.293318E-19  2.301441E-19 
 2.309521E-19  2.317551E-19  2.325529E-19  2.333448E-19  2.341304E-19 
 2.349090E-19  2.356801E-19  2.364431E-19  2.371974E-19  2.379422E-19 
 2.386768E-19  2.394006E-19  2.401126E-19  2.408122E-19  2.414985E-19 
 2.421705E-19  2.428274E-19  2.434681E-19  2.440917E-19  2.446970E-19 
 2.452829E-19  2.458483E-19  2.463919E-19  2.469124E-19  2.474085E-19 
 2.478786E-19  2.483215E-19  2.487354E-19  2.491188E-19  2.494700E-19 
 2.497871E-19  2.500684E-19  2.503117E-19  2.505152E-19  2.506766E-19 
 2.507937E-19  2.508642E-19  2.508856E-19  2.508553E-19  2.507706E-19 
 2.506288E-19  2.504269E-19  2.501619E-19  2.498305E-19  2.494294E-19 
 2.489551E-19  2.484039E-19  2.477722E-19  2.470557E-19  2.462506E-19 
 2.453524E-19  2.443567E-19  2.432588E-19  2.420538E-19  2.407368E-19 
 2.393025E-19  2.377455E-19  2.360603E-19  2.342409E-19  2.322815E-19 
 2.301759E-19  2.279177E-19  2.255006E-19  2.229177E-19  2.201625E-19 
 2.172280E-19  2.141072E-19  2.107932E-19  2.072789E-19  2.035574E-19 
 1.996218E-19  1.954654E-19  1.910818E-19  1.864649E-19  1.816091E-19 
 1.765094E-19  1.711616E-19  1.655626E-19  1.597102E-19  1.536038E-19 
 1.472447E-19  1.406361E-19  1.337837E-19  1.266961E-19  1.193857E-19 
 1.118685E-19  1.041655E-19  9.630305E-20  8.831376E-20  8.023732E-20 
 7.212151E-20  6.402301E-20  5.600826E-20  4.815425E-20  4.054886E-20 
 3.329080E-20  2.648859E-20  2.025823E-20  1.471879E-20  9.984858E-21 
 6.154582E-21  3.291506E-21  1.398770E-21  3.858228E-22
 Re
    75    3  119
  2.053969E-19  2.061363E-19  2.068746E-19  2.076115E-19  2.083469E-19 
 2.090803E-19  2.098116E-19  2.105404E-19  2.112664E-19  2.119892E-19 
 2.127086E-19  2.134242E-19  2.141355E-19  2.148421E-19  2.155437E-19 
 2.162398E-19  2.169300E-19  2.176137E-19  2.182905E-19  2.189598E-19 
 2.196211E-19  2.202738E-19  2.209172E-19  2.215509E-19  2.221741E-19 
 2.227860E-19  2.233861E-19  2.239735E-19  2.245474E-19  2.251071E-19 
 2.256516E-19  2.261800E-19  2.266915E-19  2.271850E-19  2.276594E-19 
 2.281138E-19  2.285470E-19  2.289577E-19  2.293448E-19  2.297070E-19 
 2.300429E-19  2.303511E-19  2.306302E-19  2.308786E-19  2.310947E-19 
 2.312768E-19  2.314232E-19  2.315321E-19  2.316014E-19  2.316294E-19 
 2.316137E-19  2.315524E-19  2.314431E-19  2.312833E-19  2.310708E-19 
 2.308029E-19  2.304768E-19  2.300899E-19  2.296391E-19  2.291215E-19 
 2.285338E-19  2.278728E-19  2.271350E-19  2.263169E-19  2.254148E-19 
 2.244248E-19  2.233429E-19  2.221650E-19  2.208868E-19  2.195038E-19 
 2.180115E-19  2.164051E-19  2.146798E-19  2.128305E-19  2.108521E-19 
 2.087392E-19  2.064865E-19  2.040884E-19  2.015394E-19  1.988337E-19 
 1.959657E-19  1.929296E-19  1.897196E-19  1.863301E-19  1.827556E-19 
 1.789905E-19  1.750299E-19  1.708688E-19  1.665027E-19  1.619277E-19 
 1.571407E-19  1.521390E-19  1.469213E-19  1.414871E-19  1.358375E-19 
 1.299753E-19  1.239052E-19  1.176341E-19  1.111718E-19  1.045311E-19 
 9.772849E-20  9.078464E-20  8.372493E-20  7.658026E-20  6.938755E-20 
 6.219050E-20  5.504037E-20  4.799641E-20  4.112632E-20  3.450652E-20 
 2.822160E-20  2.236332E-20  1.702817E-20  1.231340E-20  8.310206E-21 
 5.093553E-21  2.707074E-21  1.142219E-21  3.122839E-22
 Os
    76    3  119
  1.927501E-19  1.933989E-19  1.940457E-19  1.946902E-19  1.953321E-19 
 1.959713E-19  1.966072E-19  1.972398E-19  1.978686E-19  1.984933E-19 
 1.991136E-19  1.997290E-19  2.003393E-19  2.009439E-19  2.015426E-19 
 2.021349E-19  2.027202E-19  2.032982E-19  2.038682E-19  2.044300E-19 
 2.049827E-19  2.055261E-19  2.060593E-19  2.065818E-19  2.070930E-19 
 2.075922E-19  2.080787E-19  2.085517E-19  2.090106E-19  2.094544E-19 
 2.098825E-19  2.102938E-19  2.106876E-19  2.110628E-19  2.114185E-19 
 2.117537E-19  2.120673E-19  2.123581E-19  2.126250E-19  2.128668E-19 
 2.130822E-19  2.132699E-19  2.134285E-19  2.135565E-19  2.136526E-19 
 2.137150E-19  2.137423E-19  2.137326E-19  2.136842E-19  2.135952E-19 
 2.134638E-19  2.132880E-19  2.130655E-19  2.127944E-19  2.124723E-19 
 2.120968E-19  2.116655E-19  2.111760E-19  2.106254E-19  2.100111E-19 
 2.093303E-19  2.085799E-19  2.077569E-19  2.068581E-19  2.058803E-19 
 2.048199E-19  2.036735E-19  2.024374E-19  2.011079E-19  1.996810E-19 
 1.981528E-19  1.965192E-19  1.947759E-19  1.929187E-19  1.909430E-19 
 1.888445E-19  1.866186E-19  1.842605E-19  1.817657E-19  1.791294E-19 
 1.763470E-19  1.734138E-19  1.703251E-19  1.670766E-19  1.636638E-19 
 1.600827E-19  1.563294E-19  1.524004E-19  1.482926E-19  1.440036E-19 
 1.395315E-19  1.348752E-19  1.300347E-19  1.250109E-19  1.198063E-19 
 1.144247E-19  1.088718E-19  1.031557E-19  9.728638E-20  9.127716E-20 
 8.514430E-20  7.890783E-20  7.259186E-20  6.622523E-20  5.984192E-20 
 5.348159E-20  4.719011E-20  4.101987E-20  3.503005E-20  2.928652E-20 
 2.386131E-20  1.883140E-20  1.427648E-20  1.027523E-20  6.899459E-21 
 4.205404E-21  2.221294E-21  9.306532E-22  2.522110E-22
 Ir
    77    3  119
  1.806865E-19  1.812512E-19  1.818130E-19  1.823717E-19  1.829271E-19 
 1.834788E-19  1.840266E-19  1.845701E-19  1.851090E-19  1.856430E-19 
 1.861718E-19  1.866950E-19  1.872122E-19  1.877230E-19  1.882270E-19 
 1.887238E-19  1.892130E-19  1.896940E-19  1.901664E-19  1.906297E-19 
 1.910833E-19  1.915268E-19  1.919595E-19  1.923808E-19  1.927902E-19 
 1.931870E-19  1.935705E-19  1.939400E-19  1.942948E-19  1.946341E-19 
 1.949571E-19  1.952631E-19  1.955511E-19  1.958202E-19  1.960696E-19 
 1.962982E-19  1.965051E-19  1.966892E-19  1.968493E-19  1.969844E-19 
 1.970933E-19  1.971747E-19  1.972273E-19  1.972499E-19  1.972409E-19 
 1.971990E-19  1.971227E-19  1.970103E-19  1.968603E-19  1.966710E-19 
 1.964405E-19  1.961671E-19  1.958489E-19  1.954838E-19  1.950698E-19 
 1.946049E-19  1.940867E-19  1.935130E-19  1.928814E-19  1.921895E-19 
 1.914346E-19  1.906142E-19  1.897256E-19  1.887658E-19  1.877320E-19 
 1.866212E-19  1.854303E-19  1.841560E-19  1.827952E-19  1.813444E-19 
 1.798002E-19  1.781591E-19  1.764174E-19  1.745715E-19  1.726177E-19 
 1.705521E-19  1.683709E-19  1.660704E-19  1.636466E-19  1.610958E-19 
 1.584141E-19  1.555978E-19  1.526434E-19  1.495474E-19  1.463064E-19 
 1.429175E-19  1.393779E-19  1.356854E-19  1.318379E-19  1.278342E-19 
 1.236736E-19  1.193562E-19  1.148829E-19  1.102558E-19  1.054782E-19 
 1.005550E-19  9.549246E-20  9.029904E-20  8.498522E-20  7.956405E-20 
 7.405143E-20  6.846639E-20  6.283159E-20  5.717362E-20  5.152346E-20 
 4.591679E-20  4.039436E-20  3.500221E-20  2.979167E-20  2.481921E-20 
 2.014577E-20  1.583555E-20  1.195390E-20  8.564015E-21  5.721796E-21 
 3.468618E-21  1.821073E-21  7.577015E-22  2.035581E-22
 Pt
    78    3  119
  1.694956E-19  1.699844E-19  1.704696E-19  1.709511E-19  1.714285E-19 
 1.719017E-19  1.723702E-19  1.728337E-19  1.732921E-19  1.737449E-19 
 1.741918E-19  1.746324E-19  1.750664E-19  1.754934E-19  1.759131E-19 
 1.763249E-19  1.767284E-19  1.771232E-19  1.775089E-19  1.778849E-19 
 1.782507E-19  1.786059E-19  1.789497E-19  1.792818E-19  1.796015E-19 
 1.799082E-19  1.802011E-19  1.804798E-19  1.807434E-19  1.809913E-19 
 1.812227E-19  1.814367E-19  1.816327E-19  1.818098E-19  1.819670E-19 
 1.821035E-19  1.822183E-19  1.823105E-19  1.823789E-19  1.824226E-19 
 1.824404E-19  1.824313E-19  1.823939E-19  1.823270E-19  1.822294E-19 
 1.820998E-19  1.819367E-19  1.817386E-19  1.815042E-19  1.812318E-19 
 1.809198E-19  1.805666E-19  1.801704E-19  1.797294E-19  1.792418E-19 
 1.787057E-19  1.781190E-19  1.774797E-19  1.767857E-19  1.760348E-19 
 1.752246E-19  1.743529E-19  1.734172E-19  1.724150E-19  1.713439E-19 
 1.702010E-19  1.689838E-19  1.676894E-19  1.663150E-19  1.648578E-19 
 1.633146E-19  1.616826E-19  1.599586E-19  1.581396E-19  1.562224E-19 
 1.542038E-19  1.520807E-19  1.498500E-19  1.475084E-19  1.450530E-19 
 1.424807E-19  1.397885E-19  1.369739E-19  1.340340E-19  1.309666E-19 
 1.277695E-19  1.244410E-19  1.209795E-19  1.173841E-19  1.136544E-19 
 1.097907E-19  1.057938E-19  1.016656E-19  9.740897E-20  9.302783E-20 
 8.852749E-20  8.391482E-20  7.919832E-20  7.438852E-20  6.949813E-20 
 6.454236E-20  5.953918E-20  5.450957E-20  4.947794E-20  4.447237E-20 
 3.952479E-20  3.467130E-20  2.995219E-20  2.541195E-20  2.109886E-20 
 1.706443E-20  1.336214E-20  1.004550E-20  7.165156E-21  4.764436E-21 
 2.873275E-21  1.499832E-21  6.199199E-22  1.651483E-22
 Au
    79    3  119
  1.588576E-19  1.592763E-19  1.596910E-19  1.601014E-19  1.605071E-19 
 1.609080E-19  1.613037E-19  1.616940E-19  1.620784E-19  1.624568E-19 
 1.628288E-19  1.631940E-19  1.635521E-19  1.639026E-19  1.642453E-19 
 1.645798E-19  1.649055E-19  1.652220E-19  1.655290E-19  1.658260E-19 
 1.661123E-19  1.663877E-19  1.666514E-19  1.669031E-19  1.671420E-19 
 1.673677E-19  1.675795E-19  1.677768E-19  1.679590E-19  1.681252E-19 
 1.682749E-19  1.684073E-19  1.685217E-19  1.686172E-19  1.686930E-19 
 1.687483E-19  1.687822E-19  1.687937E-19  1.687820E-19  1.687459E-19 
 1.686846E-19  1.685969E-19  1.684817E-19  1.683379E-19  1.681643E-19 
 1.679597E-19  1.677227E-19  1.674522E-19  1.671466E-19  1.668047E-19 
 1.664249E-19  1.660057E-19  1.655455E-19  1.650428E-19  1.644959E-19 
 1.639030E-19  1.632624E-19  1.625722E-19  1.618305E-19  1.610353E-19 
 1.601847E-19  1.592766E-19  1.583089E-19  1.572793E-19  1.561856E-19 
 1.550256E-19  1.537969E-19  1.524970E-19  1.511236E-19  1.496742E-19 
 1.481462E-19  1.465371E-19  1.448443E-19  1.430652E-19  1.411972E-19 
 1.392376E-19  1.371841E-19  1.350338E-19  1.327845E-19  1.304335E-19 
 1.279787E-19  1.254178E-19  1.227487E-19  1.199696E-19  1.170788E-19 
 1.140749E-19  1.109569E-19  1.077242E-19  1.043765E-19  1.009142E-19 
 9.733811E-20  9.364992E-20  8.985208E-20  8.594792E-20  8.194190E-20 
 7.783962E-20  7.364811E-20  6.937588E-20  6.503321E-20  6.063231E-20 
 5.618751E-20  5.171557E-20  4.723585E-20  4.277050E-20  3.834476E-20 
 3.398706E-20  2.972917E-20  2.560617E-20  2.165637E-20  1.792087E-20 
 1.444297E-20  1.126695E-20  8.436396E-21  5.991529E-21  3.965516E-21 
 2.379347E-21  1.235019E-21  5.071593E-22  1.339888E-22
 Hg
    80    3  119
  1.485187E-19  1.488717E-19  1.492201E-19  1.495637E-19  1.499023E-19 
 1.502355E-19  1.505631E-19  1.508847E-19  1.512002E-19  1.515092E-19 
 1.518114E-19  1.521063E-19  1.523938E-19  1.526734E-19  1.529447E-19 
 1.532074E-19  1.534611E-19  1.537053E-19  1.539397E-19  1.541637E-19 
 1.543770E-19  1.545789E-19  1.547691E-19  1.549471E-19  1.551122E-19 
 1.552639E-19  1.554017E-19  1.555250E-19  1.556331E-19  1.557254E-19 
 1.558012E-19  1.558599E-19  1.559008E-19  1.559230E-19  1.559258E-19 
 1.559085E-19  1.558702E-19  1.558101E-19  1.557273E-19  1.556208E-19 
 1.554898E-19  1.553332E-19  1.551501E-19  1.549394E-19  1.547000E-19 
 1.544308E-19  1.541306E-19  1.537983E-19  1.534326E-19  1.530322E-19 
 1.525958E-19  1.521221E-19  1.516097E-19  1.510570E-19  1.504627E-19 
 1.498251E-19  1.491427E-19  1.484139E-19  1.476371E-19  1.468103E-19 
 1.459320E-19  1.450003E-19  1.440134E-19  1.429693E-19  1.418661E-19 
 1.407019E-19  1.394747E-19  1.381823E-19  1.368228E-19  1.353940E-19 
 1.338938E-19  1.323201E-19  1.306708E-19  1.289436E-19  1.271366E-19 
 1.252475E-19  1.232744E-19  1.212152E-19  1.190680E-19  1.168309E-19 
 1.145022E-19  1.120803E-19  1.095638E-19  1.069513E-19  1.042420E-19 
 1.014350E-19  9.852997E-20  9.552686E-20  9.242606E-20  8.922849E-20 
 8.593561E-20  8.254957E-20  7.907325E-20  7.551033E-20  7.186558E-20 
 6.814471E-20  6.435473E-20  6.050400E-20  5.660236E-20  5.266138E-20 
 4.869442E-20  4.471692E-20  4.074649E-20  3.680309E-20  3.290919E-20 
 2.908986E-20  2.537280E-20  2.178830E-20  1.836902E-20  1.514967E-20 
 1.216627E-20  9.455119E-21  7.051265E-21  4.986210E-21  3.284787E-21 
 1.960904E-21  1.012092E-21  4.129105E-22  1.081713E-22
 Tl
    81    3  119
  1.385194E-19  1.388111E-19  1.390979E-19  1.393794E-19  1.396555E-19 
 1.399259E-19  1.401904E-19  1.404485E-19  1.407002E-19  1.409450E-19 
 1.411827E-19  1.414129E-19  1.416353E-19  1.418496E-19  1.420554E-19 
 1.422523E-19  1.424400E-19  1.426181E-19  1.427861E-19  1.429437E-19 
 1.430903E-19  1.432256E-19  1.433491E-19  1.434602E-19  1.435586E-19 
 1.436436E-19  1.437147E-19  1.437715E-19  1.438132E-19  1.438393E-19 
 1.438492E-19  1.438422E-19  1.438178E-19  1.437751E-19  1.437135E-19 
 1.436323E-19  1.435307E-19  1.434079E-19  1.432632E-19  1.430956E-19 
 1.429044E-19  1.426886E-19  1.424473E-19  1.421796E-19  1.418845E-19 
 1.415610E-19  1.412080E-19  1.408244E-19  1.404092E-19  1.399612E-19 
 1.394793E-19  1.389622E-19  1.384086E-19  1.378174E-19  1.371871E-19 
 1.365165E-19  1.358040E-19  1.350484E-19  1.342482E-19  1.334018E-19 
 1.325077E-19  1.315644E-19  1.305702E-19  1.295236E-19  1.284229E-19 
 1.272665E-19  1.260525E-19  1.247794E-19  1.234453E-19  1.220486E-19 
 1.205874E-19  1.190601E-19  1.174649E-19  1.158001E-19  1.140640E-19 
 1.122549E-19  1.103713E-19  1.084116E-19  1.063744E-19  1.042583E-19 
 1.020621E-19  9.978470E-20  9.742518E-20  9.498284E-20  9.245720E-20 
 8.984807E-20  8.715554E-20  8.438009E-20  8.152260E-20  7.858441E-20 
 7.556742E-20  7.247411E-20  6.930765E-20  6.607197E-20  6.277190E-20 
 5.941317E-20  5.600263E-20  5.254830E-20  4.905949E-20  4.554699E-20 
 4.202315E-20  3.850200E-20  3.499940E-20  3.153319E-20  2.812317E-20 
 2.479123E-20  2.156134E-20  1.845941E-20  1.551307E-20  1.275132E-20 
 1.020384E-20  7.900097E-21  5.867907E-21  4.131550E-21  2.709124E-21 
 1.609074E-21  8.258319E-22  3.347243E-22  8.694119E-23
 Pb
    82    3  119
  1.293545E-19  1.295923E-19  1.298247E-19  1.300518E-19  1.302731E-19 
 1.304884E-19  1.306975E-19  1.309002E-19  1.310960E-19  1.312849E-19 
 1.314664E-19  1.316402E-19  1.318061E-19  1.319637E-19  1.321127E-19 
 1.322527E-19  1.323834E-19  1.325043E-19  1.326152E-19  1.327156E-19 
 1.328050E-19  1.328832E-19  1.329496E-19  1.330038E-19  1.330452E-19 
 1.330735E-19  1.330881E-19  1.330885E-19  1.330742E-19  1.330446E-19 
 1.329992E-19  1.329372E-19  1.328583E-19  1.327616E-19  1.326466E-19 
 1.325126E-19  1.323589E-19  1.321847E-19  1.319894E-19  1.317723E-19 
 1.315324E-19  1.312690E-19  1.309812E-19  1.306683E-19  1.303293E-19 
 1.299633E-19  1.295693E-19  1.291465E-19  1.286938E-19  1.282102E-19 
 1.276946E-19  1.271460E-19  1.265633E-19  1.259453E-19  1.252909E-19 
 1.245988E-19  1.238680E-19  1.230971E-19  1.222848E-19  1.214299E-19 
 1.205310E-19  1.195868E-19  1.185960E-19  1.175571E-19  1.164688E-19 
 1.153296E-19  1.141381E-19  1.128928E-19  1.115924E-19  1.102354E-19 
 1.088203E-19  1.073458E-19  1.058105E-19  1.042130E-19  1.025519E-19 
 1.008260E-19  9.903407E-20  9.717500E-20  9.524771E-20  9.325128E-20 
 9.118487E-20  8.904784E-20  8.683969E-20  8.456012E-20  8.220908E-20 
 7.978677E-20  7.729367E-20  7.473066E-20  7.209892E-20  6.940015E-20 
 6.663649E-20  6.381066E-20  6.092599E-20  5.798646E-20  5.499690E-20 
 5.196290E-20  4.889108E-20  4.578902E-20  4.266546E-20  3.953038E-20 
 3.639508E-20  3.327229E-20  3.017623E-20  2.712276E-20  2.412933E-20 
 2.121503E-20  1.840057E-20  1.570809E-20  1.316097E-20  1.078345E-20 
 8.600020E-21  6.634552E-21  4.909138E-21  3.442403E-21  2.247325E-21 
 1.328402E-21  6.781526E-22  2.731625E-22  7.036888E-23
 Bi
    83    3  119
  1.208861E-19  1.210760E-19  1.212605E-19  1.214394E-19  1.216123E-19 
 1.217791E-19  1.219395E-19  1.220933E-19  1.222402E-19  1.223799E-19 
 1.225122E-19  1.226367E-19  1.227532E-19  1.228613E-19  1.229608E-19 
 1.230513E-19  1.231325E-19  1.232039E-19  1.232654E-19  1.233164E-19 
 1.233566E-19  1.233856E-19  1.234029E-19  1.234083E-19  1.234011E-19 
 1.233810E-19  1.233475E-19  1.233002E-19  1.232384E-19  1.231618E-19 
 1.230698E-19  1.229618E-19  1.228373E-19  1.226957E-19  1.225364E-19 
 1.223587E-19  1.221622E-19  1.219460E-19  1.217096E-19  1.214522E-19 
 1.211732E-19  1.208718E-19  1.205472E-19  1.201987E-19  1.198255E-19 
 1.194267E-19  1.190016E-19  1.185492E-19  1.180687E-19  1.175592E-19 
 1.170197E-19  1.164493E-19  1.158471E-19  1.152119E-19  1.145429E-19 
 1.138389E-19  1.130989E-19  1.123218E-19  1.115066E-19  1.106520E-19 
 1.097570E-19  1.088205E-19  1.078412E-19  1.068179E-19  1.057496E-19 
 1.046350E-19  1.034729E-19  1.022621E-19  1.010015E-19  9.968983E-20 
 9.832599E-20  9.690884E-20  9.543727E-20  9.391022E-20  9.232666E-20 
 9.068562E-20  8.898624E-20  8.722769E-20  8.540925E-20  8.353033E-20 
 8.159043E-20  7.958923E-20  7.752659E-20  7.540253E-20  7.321732E-20 
 7.097145E-20  6.866574E-20  6.630129E-20  6.387955E-20  6.140243E-20 
 5.887223E-20  5.629179E-20  5.366449E-20  5.099431E-20  4.828595E-20 
 4.554480E-20  4.277716E-20  3.999015E-20  3.719188E-20  3.439153E-20 
 3.159940E-20  2.882695E-20  2.608693E-20  2.339337E-20  2.076160E-20 
 1.820825E-20  1.575118E-20  1.340930E-20  1.120237E-20  9.150638E-21 
 7.274269E-21  5.592603E-21  4.123110E-21  2.879976E-21  1.872279E-21 
 1.101660E-21  5.595401E-22  2.240431E-22  5.725506E-23
 Po
    84    3  119
  1.125163E-19  1.126611E-19  1.128004E-19  1.129339E-19  1.130613E-19 
 1.131826E-19  1.132973E-19  1.134054E-19  1.135064E-19  1.136003E-19 
 1.136867E-19  1.137653E-19  1.138359E-19  1.138982E-19  1.139518E-19 
 1.139965E-19  1.140320E-19  1.140579E-19  1.140738E-19  1.140795E-19 
 1.140746E-19  1.140587E-19  1.140314E-19  1.139923E-19  1.139411E-19 
 1.138773E-19  1.138004E-19  1.137101E-19  1.136059E-19  1.134873E-19 
 1.133538E-19  1.132050E-19  1.130403E-19  1.128592E-19  1.126611E-19 
 1.124456E-19  1.122120E-19  1.119597E-19  1.116881E-19  1.113967E-19 
 1.110848E-19  1.107516E-19  1.103966E-19  1.100191E-19  1.096183E-19 
 1.091936E-19  1.087441E-19  1.082691E-19  1.077679E-19  1.072396E-19 
 1.066835E-19  1.060986E-19  1.054842E-19  1.048394E-19  1.041633E-19 
 1.034550E-19  1.027136E-19  1.019381E-19  1.011277E-19  1.002814E-19 
 9.939814E-20  9.847708E-20  9.751720E-20  9.651753E-20  9.547707E-20 
 9.439487E-20  9.326994E-20  9.210134E-20  9.088810E-20  8.962928E-20 
 8.832401E-20  8.697138E-20  8.557057E-20  8.412077E-20  8.262124E-20 
 8.107129E-20  7.947032E-20  7.781782E-20  7.611333E-20  7.435657E-20 
 7.254733E-20  7.068556E-20  6.877140E-20  6.680514E-20  6.478733E-20 
 6.271870E-20  6.060027E-20  5.843336E-20  5.621961E-20  5.396103E-20 
 5.166003E-20  4.931948E-20  4.694272E-20  4.453367E-20  4.209684E-20 
 3.963733E-20  3.716103E-20  3.467458E-20  3.218538E-20  2.970181E-20 
 2.723310E-20  2.478950E-20  2.238227E-20  2.002372E-20  1.772714E-20 
 1.550686E-20  1.337809E-20  1.135679E-20  9.459450E-21  7.702742E-21 
 6.103033E-21  4.675716E-21  3.434322E-21  2.389328E-21  1.546662E-21 
 9.058218E-22  4.576785E-22  1.821344E-22  4.615826E-23
 At
    85    3  119
  1.048564E-19  1.049620E-19  1.050620E-19  1.051561E-19  1.052442E-19 
 1.053260E-19  1.054013E-19  1.054699E-19  1.055315E-19  1.055860E-19 
 1.056330E-19  1.056723E-19  1.057036E-19  1.057267E-19  1.057413E-19 
 1.057471E-19  1.057437E-19  1.057310E-19  1.057086E-19  1.056761E-19 
 1.056332E-19  1.055796E-19  1.055150E-19  1.054389E-19  1.053510E-19 
 1.052510E-19  1.051383E-19  1.050127E-19  1.048737E-19  1.047208E-19 
 1.045537E-19  1.043718E-19  1.041748E-19  1.039621E-19  1.037332E-19 
 1.034877E-19  1.032250E-19  1.029446E-19  1.026459E-19  1.023284E-19 
 1.019916E-19  1.016348E-19  1.012574E-19  1.008589E-19  1.004385E-19 
 9.999570E-20  9.952980E-20  9.904012E-20  9.852599E-20  9.798668E-20 
 9.742153E-20  9.682978E-20  9.621069E-20  9.556353E-20  9.488753E-20 
 9.418192E-20  9.344593E-20  9.267876E-20  9.187961E-20  9.104770E-20 
 9.018219E-20  8.928230E-20  8.834721E-20  8.737610E-20  8.636819E-20 
 8.532268E-20  8.423877E-20  8.311570E-20  8.195274E-20  8.074913E-20 
 7.950418E-20  7.821724E-20  7.688767E-20  7.551491E-20  7.409844E-20 
 7.263779E-20  7.113259E-20  6.958255E-20  6.798747E-20  6.634727E-20 
 6.466198E-20  6.293175E-20  6.115697E-20  5.933810E-20  5.747588E-20 
 5.557121E-20  5.362530E-20  5.163955E-20  4.961572E-20  4.755587E-20 
 4.546245E-20  4.333829E-20  4.118667E-20  3.901132E-20  3.681654E-20 
 3.460714E-20  3.238859E-20  3.016696E-20  2.794908E-20  2.574246E-20 
 2.355541E-20  2.139705E-20  1.927731E-20  1.720697E-20  1.519755E-20 
 1.326138E-20  1.141143E-20  9.661167E-21  8.024348E-21  6.514711E-21 
 5.145538E-21  3.929066E-21  2.875733E-21  1.993176E-21  1.284998E-21 
 7.492499E-22  3.766973E-22  1.490304E-22  3.746468E-23
 Rn
    86    3  119
  9.772262E-20  9.779368E-20  9.785907E-20  9.791861E-20  9.797209E-20 
 9.801933E-20  9.806010E-20  9.809421E-20  9.812143E-20  9.814152E-20 
 9.815426E-20  9.815942E-20  9.815673E-20  9.814597E-20  9.812685E-20 
 9.809911E-20  9.806247E-20  9.801668E-20  9.796142E-20  9.789638E-20 
 9.782129E-20  9.773581E-20  9.763962E-20  9.753238E-20  9.741377E-20 
 9.728341E-20  9.714097E-20  9.698606E-20  9.681830E-20  9.663732E-20 
 9.644269E-20  9.623403E-20  9.601089E-20  9.577286E-20  9.551949E-20 
 9.525033E-20  9.496491E-20  9.466276E-20  9.434339E-20  9.400630E-20 
 9.365099E-20  9.327692E-20  9.288359E-20  9.247044E-20  9.203690E-20 
 9.158242E-20  9.110642E-20  9.060832E-20  9.008751E-20  8.954339E-20 
 8.897533E-20  8.838273E-20  8.776494E-20  8.712130E-20  8.645117E-20 
 8.575390E-20  8.502883E-20  8.427527E-20  8.349257E-20  8.268006E-20 
 8.183704E-20  8.096287E-20  8.005689E-20  7.911841E-20  7.814681E-20 
 7.714142E-20  7.610164E-20  7.502688E-20  7.391653E-20  7.277004E-20 
 7.158691E-20  7.036663E-20  6.910878E-20  6.781296E-20  6.647883E-20 
 6.510615E-20  6.369470E-20  6.224438E-20  6.075518E-20  5.922720E-20 
 5.766064E-20  5.605585E-20  5.441332E-20  5.273372E-20  5.101788E-20 
 4.926685E-20  4.748191E-20  4.566454E-20  4.381655E-20  4.194002E-20 
 4.003734E-20  3.811130E-20  3.616503E-20  3.420208E-20  3.222649E-20 
 3.024275E-20  2.825589E-20  2.627150E-20  2.429572E-20  2.233535E-20 
 2.039781E-20  1.849117E-20  1.662416E-20  1.480618E-20  1.304722E-20 
 1.135784E-20  9.749063E-21  8.232226E-21  6.818788E-21  5.520032E-21 
 4.346693E-21  3.308444E-21  2.413257E-21  1.666565E-21  1.070236E-21 
 6.213682E-22  3.109094E-22  1.223025E-22  3.050139E-23
 Fr
    87    3  119
  9.109012E-20  9.113086E-20  9.116595E-20  9.119523E-20  9.121852E-20 
 9.123563E-20  9.124636E-20  9.125052E-20  9.124789E-20  9.123827E-20 
 9.122144E-20  9.119717E-20  9.116525E-20  9.112543E-20  9.107748E-20 
 9.102113E-20  9.095615E-20  9.088228E-20  9.079923E-20  9.070675E-20 
 9.060454E-20  9.049231E-20  9.036978E-20  9.023664E-20  9.009255E-20 
 8.993723E-20  8.977033E-20  8.959153E-20  8.940046E-20  8.919678E-20 
 8.898013E-20  8.875013E-20  8.850641E-20  8.824859E-20  8.797625E-20 
 8.768900E-20  8.738642E-20  8.706808E-20  8.673355E-20  8.638239E-20 
 8.601416E-20  8.562837E-20  8.522457E-20  8.480227E-20  8.436100E-20 
 8.390025E-20  8.341952E-20  8.291830E-20  8.239606E-20  8.185228E-20 
 8.128643E-20  8.069797E-20  8.008635E-20  7.945102E-20  7.879143E-20 
 7.810702E-20  7.739722E-20  7.666150E-20  7.589927E-20  7.510999E-20 
 7.429310E-20  7.344804E-20  7.257431E-20  7.167133E-20  7.073861E-20 
 6.977564E-20  6.878195E-20  6.775706E-20  6.670054E-20  6.561197E-20 
 6.449099E-20  6.333726E-20  6.215051E-20  6.093049E-20  5.967701E-20 
 5.838996E-20  5.706932E-20  5.571510E-20  5.432745E-20  5.290660E-20 
 5.145289E-20  4.996680E-20  4.844894E-20  4.690007E-20  4.532112E-20 
 4.371321E-20  4.207766E-20  4.041601E-20  3.873004E-20  3.702183E-20 
 3.529369E-20  3.354828E-20  3.178860E-20  3.001800E-20  2.824022E-20 
 2.645943E-20  2.468024E-20  2.290772E-20  2.114743E-20  1.940548E-20 
 1.768844E-20  1.600346E-20  1.435818E-20  1.276078E-20  1.121989E-20 
 9.744554E-21  8.344113E-21  7.028094E-21  5.806007E-21  4.687102E-21 
 3.680020E-21  2.792365E-21  2.030146E-21  1.397094E-21  8.938143E-22 
 5.168071E-22  2.573960E-22  1.006906E-22  2.491480E-23
 Ra
    88    3  119
  8.515436E-20  8.516956E-20  8.517919E-20  8.518310E-20  8.518111E-20 
 8.517304E-20  8.515870E-20  8.513791E-20  8.511049E-20  8.507622E-20 
 8.503493E-20  8.498638E-20  8.493038E-20  8.486670E-20  8.479512E-20 
 8.471542E-20  8.462735E-20  8.453068E-20  8.442516E-20  8.431054E-20 
 8.418655E-20  8.405294E-20  8.390942E-20  8.375573E-20  8.359157E-20 
 8.341666E-20  8.323069E-20  8.303335E-20  8.282435E-20  8.260335E-20 
 8.237002E-20  8.212404E-20  8.186505E-20  8.159272E-20  8.130667E-20 
 8.100655E-20  8.069200E-20  8.036261E-20  8.001802E-20  7.965782E-20 
 7.928161E-20  7.888899E-20  7.847954E-20  7.805284E-20  7.760846E-20 
 7.714596E-20  7.666490E-20  7.616485E-20  7.564532E-20  7.510590E-20 
 7.454610E-20  7.396547E-20  7.336352E-20  7.273981E-20  7.209385E-20 
 7.142517E-20  7.073330E-20  7.001778E-20  6.927813E-20  6.851391E-20 
 6.772464E-20  6.690990E-20  6.606923E-20  6.520221E-20  6.430846E-20 
 6.338755E-20  6.243913E-20  6.146286E-20  6.045840E-20  5.942546E-20 
 5.836381E-20  5.727323E-20  5.615354E-20  5.500463E-20  5.382644E-20 
 5.261897E-20  5.138231E-20  5.011660E-20  4.882207E-20  4.749907E-20 
 4.614804E-20  4.476954E-20  4.336427E-20  4.193304E-20  4.047684E-20 
 3.899682E-20  3.749434E-20  3.597092E-20  3.442832E-20  3.286855E-20 
 3.129384E-20  2.970673E-20  2.811005E-20  2.650692E-20  2.490084E-20 
 2.329564E-20  2.169555E-20  2.010517E-20  1.852954E-20  1.697410E-20 
 1.544474E-20  1.394779E-20  1.248995E-20  1.107837E-20  9.720522E-21 
 8.424175E-21  7.197298E-21  6.047926E-21  4.984002E-21  4.013134E-21 
 3.142313E-21  2.377530E-21  1.723299E-21  1.182091E-21  7.536263E-22 
 4.340889E-22  2.152683E-22  8.377300E-23  2.057437E-23
 Ac
    89    3  119
  7.924814E-20  7.923958E-20  7.922557E-20  7.920594E-20  7.918055E-20 
 7.914922E-20  7.911178E-20  7.906806E-20  7.901789E-20  7.896108E-20 
 7.889744E-20  7.882680E-20  7.874894E-20  7.866367E-20  7.857078E-20 
 7.847008E-20  7.836132E-20  7.824431E-20  7.811881E-20  7.798459E-20 
 7.784142E-20  7.768906E-20  7.752726E-20  7.735575E-20  7.717430E-20 
 7.698262E-20  7.678047E-20  7.656755E-20  7.634359E-20  7.610830E-20 
 7.586137E-20  7.560254E-20  7.533145E-20  7.504785E-20  7.475136E-20 
 7.444171E-20  7.411854E-20  7.378153E-20  7.343032E-20  7.306459E-20 
 7.268396E-20  7.228809E-20  7.187663E-20  7.144919E-20  7.100540E-20 
 7.054490E-20  7.006728E-20  6.957219E-20  6.905923E-20  6.852802E-20 
 6.797815E-20  6.740924E-20  6.682088E-20  6.621271E-20  6.558430E-20 
 6.493528E-20  6.426526E-20  6.357386E-20  6.286069E-20  6.212539E-20 
 6.136759E-20  6.058695E-20  5.978312E-20  5.895578E-20  5.810462E-20 
 5.722934E-20  5.632969E-20  5.540541E-20  5.445629E-20  5.348216E-20 
 5.248286E-20  5.145829E-20  5.040838E-20  4.933312E-20  4.823256E-20 
 4.710679E-20  4.595600E-20  4.478042E-20  4.358038E-20  4.235630E-20 
 4.110871E-20  3.983821E-20  3.854556E-20  3.723162E-20  3.589742E-20 
 3.454411E-20  3.317302E-20  3.178569E-20  3.038378E-20  2.896924E-20 
 2.754418E-20  2.611100E-20  2.467233E-20  2.323107E-20  2.179042E-20 
 2.035389E-20  1.892529E-20  1.750879E-20  1.610886E-20  1.473035E-20 
 1.337845E-20  1.205868E-20  1.077690E-20  9.539246E-21  8.352128E-21 
 7.222141E-21  6.155985E-21  5.160349E-21  4.241762E-21  3.406384E-21 
 2.659752E-21  2.006470E-21  1.449791E-21  9.911593E-22  6.296286E-22 
 3.612382E-22  1.783423E-22  6.902655E-23  1.681907E-23
 Th
    90    3  119
  7.389918E-20  7.387064E-20  7.383678E-20  7.379745E-20  7.375250E-20 
 7.370179E-20  7.364514E-20  7.358239E-20  7.351341E-20  7.343801E-20 
 7.335601E-20  7.326723E-20  7.317152E-20  7.306868E-20  7.295851E-20 
 7.284084E-20  7.271546E-20  7.258216E-20  7.244076E-20  7.229103E-20 
 7.213275E-20  7.196572E-20  7.178971E-20  7.160448E-20  7.140981E-20 
 7.120545E-20  7.099117E-20  7.076671E-20  7.053183E-20  7.028625E-20 
 7.002973E-20  6.976200E-20  6.948277E-20  6.919178E-20  6.888875E-20 
 6.857337E-20  6.824538E-20  6.790446E-20  6.755033E-20  6.718267E-20 
 6.680118E-20  6.640554E-20  6.599545E-20  6.557058E-20  6.513062E-20 
 6.467522E-20  6.420407E-20  6.371685E-20  6.321322E-20  6.269284E-20 
 6.215539E-20  6.160055E-20  6.102796E-20  6.043732E-20  5.982831E-20 
 5.920057E-20  5.855381E-20  5.788773E-20  5.720200E-20  5.649634E-20 
 5.577046E-20  5.502409E-20  5.425697E-20  5.346885E-20  5.265951E-20 
 5.182874E-20  5.097636E-20  5.010221E-20  4.920616E-20  4.828812E-20 
 4.734802E-20  4.638583E-20  4.540158E-20  4.439534E-20  4.336722E-20 
 4.231741E-20  4.124616E-20  4.015377E-20  3.904063E-20  3.790722E-20 
 3.675410E-20  3.558194E-20  3.439151E-20  3.318370E-20  3.195954E-20 
 3.072016E-20  2.946688E-20  2.820117E-20  2.692464E-20  2.563914E-20 
 2.434666E-20  2.304944E-20  2.174993E-20  2.045080E-20  1.915498E-20 
 1.786567E-20  1.658631E-20  1.532065E-20  1.407269E-20  1.284673E-20 
 1.164734E-20  1.047938E-20  9.347912E-21  8.258275E-21  7.215952E-21 
 6.226557E-21  5.295739E-21  4.429079E-21  3.631955E-21  2.909358E-21 
 2.265685E-21  1.704443E-21  1.227935E-21  8.368525E-22  5.298091E-22 
 3.028411E-22  1.488816E-22  5.732600E-23  1.386171E-23
 Pa
    91    3  119
  6.912949E-20  6.908446E-20  6.903425E-20  6.897874E-20  6.891776E-20 
 6.885121E-20  6.877890E-20  6.870070E-20  6.861647E-20  6.852605E-20 
 6.842927E-20  6.832598E-20  6.821601E-20  6.809919E-20  6.797534E-20 
 6.784431E-20  6.770589E-20  6.755991E-20  6.740618E-20  6.724450E-20 
 6.707469E-20  6.689655E-20  6.670987E-20  6.651445E-20  6.631005E-20 
 6.609649E-20  6.587354E-20  6.564096E-20  6.539855E-20  6.514606E-20 
 6.488326E-20  6.460991E-20  6.432576E-20  6.403058E-20  6.372411E-20 
 6.340609E-20  6.307628E-20  6.273439E-20  6.238018E-20  6.201338E-20 
 6.163372E-20  6.124092E-20  6.083471E-20  6.041481E-20  5.998094E-20 
 5.953283E-20  5.907019E-20  5.859274E-20  5.810020E-20  5.759230E-20 
 5.706873E-20  5.652924E-20  5.597353E-20  5.540136E-20  5.481243E-20 
 5.420649E-20  5.358329E-20  5.294256E-20  5.228407E-20  5.160759E-20 
 5.091289E-20  5.019978E-20  4.946803E-20  4.871750E-20  4.794801E-20 
 4.715943E-20  4.635163E-20  4.552453E-20  4.467808E-20  4.381223E-20 
 4.292698E-20  4.202239E-20  4.109854E-20  4.015554E-20  3.919360E-20 
 3.821293E-20  3.721383E-20  3.619669E-20  3.516189E-20  3.410999E-20 
 3.304155E-20  3.195727E-20  3.085793E-20  2.974443E-20  2.861776E-20 
 2.747906E-20  2.632960E-20  2.517078E-20  2.400415E-20  2.283144E-20 
 2.165453E-20  2.047551E-20  1.929664E-20  1.812040E-20  1.694947E-20 
 1.578675E-20  1.463537E-20  1.349869E-20  1.238031E-20  1.128404E-20 
 1.021394E-20  9.174258E-21  8.169452E-21  7.204141E-21  6.283050E-21 
 5.410984E-21  4.592733E-21  3.832975E-21  3.136169E-21  2.506381E-21 
 1.947105E-21  1.461017E-21  1.049700E-21  7.133073E-22  4.501804E-22 
 2.564403E-22  1.255756E-22  4.811769E-23  1.155085E-23
 U 
    92    3  119
  6.473568E-20  6.467666E-20  6.461262E-20  6.454343E-20  6.446896E-20 
 6.438910E-20  6.430369E-20  6.421260E-20  6.411571E-20  6.401284E-20 
 6.390387E-20  6.378865E-20  6.366702E-20  6.353883E-20  6.340393E-20 
 6.326213E-20  6.311330E-20  6.295725E-20  6.279382E-20  6.262283E-20 
 6.244410E-20  6.225745E-20  6.206270E-20  6.185966E-20  6.164814E-20 
 6.142794E-20  6.119889E-20  6.096074E-20  6.071333E-20  6.045643E-20 
 6.018983E-20  5.991333E-20  5.962669E-20  5.932972E-20  5.902219E-20 
 5.870385E-20  5.837450E-20  5.803391E-20  5.768183E-20  5.731804E-20 
 5.694230E-20  5.655437E-20  5.615402E-20  5.574100E-20  5.531507E-20 
 5.487600E-20  5.442354E-20  5.395745E-20  5.347750E-20  5.298345E-20 
 5.247505E-20  5.195208E-20  5.141431E-20  5.086151E-20  5.029347E-20 
 4.970997E-20  4.911081E-20  4.849578E-20  4.786470E-20  4.721739E-20 
 4.655367E-20  4.587340E-20  4.517644E-20  4.446266E-20  4.373197E-20 
 4.298427E-20  4.221951E-20  4.143765E-20  4.063870E-20  3.982266E-20 
 3.898959E-20  3.813959E-20  3.727279E-20  3.638937E-20  3.548956E-20 
 3.457362E-20  3.364189E-20  3.269478E-20  3.173272E-20  3.075626E-20 
 2.976601E-20  2.876266E-20  2.774698E-20  2.671988E-20  2.568231E-20 
 2.463538E-20  2.358030E-20  2.251842E-20  2.145120E-20  2.038027E-20 
 1.930739E-20  1.823451E-20  1.716370E-20  1.609724E-20  1.503759E-20 
 1.398739E-20  1.294946E-20  1.192683E-20  1.092270E-20  9.940492E-21 
 8.983774E-21  8.056296E-21  7.161950E-21  6.304743E-21  5.488758E-21 
 4.718101E-21  3.996835E-21  3.328890E-21  2.717952E-21  2.167331E-21 
 1.679790E-21  1.257345E-21  9.010216E-22  6.105791E-22  3.841956E-22 
 2.181322E-22  1.064138E-22  4.058376E-23  9.673077E-24
