      1.01864      2.20773
      1.03911     0.872319
      1.05959      6.21395
      1.07899      6.21395
      1.09892      8.88477
      1.11940      8.88477
      1.13880      16.8972
      1.15819      27.5805
      1.17975      70.3136
      1.20184      72.9844
      1.22016      60.9657
      1.24018      56.9595
      1.27467      60.9657
      1.28635      525.870
      1.29120      930.499
      1.29444      750.219
      1.29982      473.789
      1.30306      300.186
      1.32192      340.248
      1.32838      599.318
      1.33269      716.834
      1.33485      847.704
      1.33862      750.219
      1.34293      601.989
      1.35263      496.491
      1.36502      601.989
      1.37364      524.535
      1.38280      301.522
      1.38712      230.478
      1.40005      380.044
      1.40705      652.467
      1.41406      832.298
      1.42483      745.496
      1.44315      558.539
      1.45501      702.763
      1.46686      1026.27
      1.47448      757.849
      1.47595      498.780
      1.48572      424.870
      1.49758      422.199
      1.50620      392.820
      1.52654      349.201
      1.54486      278.424
      1.55294      354.543
      1.56426      402.617
      1.57827      303.797
      1.59551      329.170
      1.62622      445.350
      1.64185      648.333
      1.64508      895.594
      1.64993      1154.66
      1.65448      795.438
      1.65786      721.990
      1.66171      751.369
      1.67912      33.6687
      1.69975      23.4122
      1.73838      59.8829
      1.77748      30.4249
      1.85900      31.8165
      1.90900      74.2285
      1.95900      17.4380
      2.00900      12.8416
      2.05900     0.000000
      2.10900      124.008
      2.15900     0.000000
      2.20900      135.000
      2.25900      81.2074
      2.30900     0.000000
      2.35900      76.687
      2.40900      0.7628
      2.45900     0.000000
      2.50900      94.121
      2.55900     0.000000
      2.60900      75.949
      2.65900      179.384
      2.69400      64.1555
      2.71400      64.6208
      2.73400      29.3310
      2.75400      61.0673
      2.77400     0.000000
      2.79400      49.5812
      2.81400      134.048
      2.83400      132.380
      2.85400      221.147
      2.87400      159.813
      2.89400      74.5163
      2.91400      67.7803
      2.93400      39.0794
      2.95400      42.6939
      2.97400      41.6803
      2.99400      112.282
      3.01400      161.041
      3.03400      203.296
      3.05400      33.9274
      3.07054      137.186
      3.12246      224.657
      3.17308      136.561
      3.22370      101.698
      3.27433      149.231
      3.32495      168.775
      3.37557      40.7878
      3.42360      200.383
      3.47292     0.000000
      3.52225      162.682
      3.57030      233.025
      3.61966     0.000000
      3.66898      299.575
      3.71961      24.7173
      3.79489     0.000000
      3.87018      330.107
      3.92210     0.000000
      3.97272      169.612
      4.02051     0.000000
      4.06830      616.708
