      1.01864      2.20773
      1.03911     0.872319
      1.05959      6.21395
      1.07899      6.21395
      1.09892      8.88477
      1.11940      8.88477
      1.13880      16.8972
      1.15819      27.5805
      1.17975      70.3136
      1.20184      72.9844
      1.22016      60.9657
      1.24018      56.9595
      1.27467      60.9657
      1.28635      525.870
      1.29120      930.499
      1.29444      750.219
      1.29982      473.789
      1.30306      300.186
      1.32192      340.248
      1.32838      599.318
      1.33269      716.834
      1.33485      847.704
      1.33862      750.219
      1.34293      601.989
      1.35263      496.491
      1.36502      601.989
      1.37364      524.535
      1.38280      301.522
      1.38712      230.478
      1.40005      380.044
      1.40705      652.467
      1.41406      832.298
      1.42483      745.496
      1.44315      558.539
      1.45501      702.763
      1.46686      1026.27
      1.47448      757.849
      1.47595      498.780
      1.48572      424.870
      1.49758      422.199
      1.50620      392.820
      1.52654      349.201
      1.54486      278.424
      1.55294      354.543
      1.56426      402.617
      1.57827      303.797
      1.59551      329.170
      1.62622      445.350
      1.64185      648.333
      1.64508      895.594
      1.64993      1154.66
      1.65448      795.438
      1.65786      721.990
      1.66171      751.369
      1.67912      33.6687
      1.69975      23.4122
      1.73838      59.8829
      1.77748      30.4249